Precinct	Votes	votes|Rahm Emanuel	pct|Rahm Emanuel	votes|Jesus ''Chuy'' Garcia	pct|Jesus ''Chuy'' Garcia
01001	259	93	35.91	166	64.09
01002	254	75	29.53	179	70.47
01003	269	149	55.39	120	44.61
01004	277	145	52.35	132	47.65
01005	217	144	66.36	73	33.64
01006	290	144	49.66	146	50.34
01007	186	79	42.47	107	57.53
01008	269	158	58.74	111	41.26
01009	264	106	40.15	158	59.85
01010	226	138	61.06	88	38.94
01011	253	149	58.89	104	41.11
01012	300	139	46.33	161	53.67
01013	121	40	33.06	81	66.94
01014	270	147	54.44	123	45.56
01015	256	85	33.20	171	66.80
01016	228	64	28.07	164	71.93
01017	251	83	33.07	168	66.93
01018	289	104	35.99	185	64.01
01019	388	126	32.47	262	67.53
01020	238	72	30.25	166	69.75
01021	232	154	66.38	78	33.62
01022	167	68	40.72	99	59.28
01023	395	155	39.24	240	60.76
01024	200	55	27.50	145	72.50
01025	201	77	38.31	124	61.69
01026	198	39	19.70	159	80.30
01027	247	118	47.77	129	52.23
01028	133	51	38.35	82	61.65
01029	257	139	54.09	118	45.91
01030	310	83	26.77	227	73.23
01031	279	123	44.09	156	55.91
01032	264	138	52.27	126	47.73
01033	282	140	49.65	142	50.35
01034	235	86	36.60	149	63.40
01035	299	145	48.49	154	51.51
01036	232	150	64.66	82	35.34
01037	241	132	54.77	109	45.23
01038	271	109	40.22	162	59.78
01039	236	107	45.34	129	54.66
01040	281	165	58.72	116	41.28
01041	192	72	37.50	120	62.50
01042	91	29	31.87	62	68.13
01043	183	86	46.99	97	53.01
01044	196	87	44.39	109	55.61
02001	251	137	54.58	114	45.42
02002	344	299	86.92	45	13.08
02003	276	176	63.77	100	36.23
02004	268	141	52.61	127	47.39
02005	313	168	53.67	145	46.33
02006	269	132	49.07	137	50.93
02007	282	170	60.28	112	39.72
02008	287	148	51.57	139	48.43
02009	271	229	84.50	42	15.50
02010	369	334	90.51	35	9.49
02011	377	344	91.25	33	8.75
02012	336	258	76.79	78	23.21
02013	398	336	84.42	62	15.58
02014	343	172	50.15	171	49.85
02015	276	174	63.04	102	36.96
02016	219	148	67.58	71	32.42
02017	351	218	62.11	133	37.89
02018	289	246	85.12	43	14.88
02019	305	274	89.84	31	10.16
02020	271	234	86.35	37	13.65
02021	315	186	59.05	129	40.95
02022	379	319	84.17	60	15.83
02023	337	310	91.99	27	8.01
02024	296	252	85.14	44	14.86
02025	268	186	69.40	82	30.60
02026	246	190	77.24	56	22.76
02027	299	256	85.62	43	14.38
02028	344	273	79.36	71	20.64
02029	292	248	84.93	44	15.07
02030	293	238	81.23	55	18.77
02031	484	425	87.81	59	12.19
02032	235	193	82.13	42	17.87
02033	532	446	83.83	86	16.17
02034	343	309	90.09	34	9.91
02035	281	237	84.34	44	15.66
02036	278	228	82.01	50	17.99
02037	363	282	77.69	81	22.31
02038	376	322	85.64	54	14.36
02039	251	207	82.47	44	17.53
02040	252	211	83.73	41	16.27
02041	210	181	86.19	29	13.81
02042	279	210	75.27	69	24.73
02043	355	301	84.79	54	15.21
02044	232	190	81.90	42	18.10
02045	342	238	69.59	104	30.41
02046	187	155	82.89	32	17.11
03001	345	198	57.39	147	42.61
03002	448	307	68.53	141	31.47
03003	343	241	70.26	102	29.74
03004	351	177	50.43	174	49.57
03005	223	147	65.92	76	34.08
03006	346	261	75.43	85	24.57
03007	279	155	55.56	124	44.44
03008	229	134	58.52	95	41.48
03009	304	175	57.57	129	42.43
03010	158	94	59.49	64	40.51
03011	304	171	56.25	133	43.75
03012	365	211	57.81	154	42.19
03013	369	277	75.07	92	24.93
03014	260	183	70.38	77	29.62
03015	283	156	55.12	127	44.88
03016	291	179	61.51	112	38.49
03017	309	204	66.02	105	33.98
03018	432	264	61.11	168	38.89
03019	337	253	75.07	84	24.93
03020	318	182	57.23	136	42.77
03021	402	293	72.89	109	27.11
03022	296	204	68.92	92	31.08
03023	291	177	60.82	114	39.18
03024	291	188	64.60	103	35.40
03025	458	372	81.22	86	18.78
03026	450	358	79.56	92	20.44
03027	313	222	70.93	91	29.07
03028	267	194	72.66	73	27.34
03029	312	200	64.10	112	35.90
03030	324	193	59.57	131	40.43
03031	361	237	65.65	124	34.35
03032	344	265	77.03	79	22.97
03033	256	190	74.22	66	25.78
03034	360	256	71.11	104	28.89
03035	163	85	52.15	78	47.85
03036	174	100	57.47	74	42.53
03037	254	148	58.27	106	41.73
03038	350	249	71.14	101	28.86
03039	302	250	82.78	52	17.22
03040	367	225	61.31	142	38.69
03041	290	182	62.76	108	37.24
04001	399	138	34.59	261	65.41
04002	376	295	78.46	81	21.54
04003	305	172	56.39	133	43.61
04004	412	227	55.10	185	44.90
04005	342	178	52.05	164	47.95
04006	488	307	62.91	181	37.09
04007	410	234	57.07	176	42.93
04008	416	221	53.13	195	46.88
04009	485	251	51.75	234	48.25
04010	398	225	56.53	173	43.47
04011	340	221	65.00	119	35.00
04012	351	193	54.99	158	45.01
04013	192	130	67.71	62	32.29
04014	353	199	56.37	154	43.63
04015	400	240	60.00	160	40.00
04016	347	254	73.20	93	26.80
04017	341	235	68.91	106	31.09
04018	362	221	61.05	141	38.95
04019	312	180	57.69	132	42.31
04020	346	242	69.94	104	30.06
04021	304	195	64.14	109	35.86
04022	403	237	58.81	166	41.19
04023	461	238	51.63	223	48.37
04024	337	205	60.83	132	39.17
04025	340	253	74.41	87	25.59
04026	377	227	60.21	150	39.79
04027	355	137	38.59	218	61.41
04028	356	214	60.11	142	39.89
04029	269	141	52.42	128	47.58
04030	386	230	59.59	156	40.41
04031	457	287	62.80	170	37.20
04032	331	185	55.89	146	44.11
04033	393	207	52.67	186	47.33
04034	280	154	55.00	126	45.00
04035	457	273	59.74	184	40.26
04036	395	223	56.46	172	43.54
04037	324	233	71.91	91	28.09
04038	397	242	60.96	155	39.04
05001	271	166	61.25	105	38.75
05002	259	133	51.35	126	48.65
05003	343	130	37.90	213	62.10
05004	316	163	51.58	153	48.42
05005	328	173	52.74	155	47.26
05006	268	139	51.87	129	48.13
05007	309	194	62.78	115	37.22
05008	369	202	54.74	167	45.26
05009	398	233	58.54	165	41.46
05010	261	143	54.79	118	45.21
05011	379	181	47.76	198	52.24
05012	227	134	59.03	93	40.97
05013	270	153	56.67	117	43.33
05014	316	186	58.86	130	41.14
05015	323	171	52.94	152	47.06
05016	314	191	60.83	123	39.17
05017	256	163	63.67	93	36.33
05018	299	154	51.51	145	48.49
05019	374	157	41.98	217	58.02
05020	387	209	54.01	178	45.99
05021	307	138	44.95	169	55.05
05022	439	311	70.84	128	29.16
05023	493	275	55.78	218	44.22
05024	322	143	44.41	179	55.59
05025	339	184	54.28	155	45.72
05026	311	178	57.23	133	42.77
05027	292	153	52.40	139	47.60
05028	386	226	58.55	160	41.45
05029	376	179	47.61	197	52.39
05030	230	117	50.87	113	49.13
05031	229	121	52.84	108	47.16
05032	410	234	57.07	176	42.93
05033	355	214	60.28	141	39.72
05034	404	245	60.64	159	39.36
05035	365	196	53.70	169	46.30
05036	246	145	58.94	101	41.06
05037	387	233	60.21	154	39.79
05038	281	162	57.65	119	42.35
05039	307	173	56.35	134	43.65
05040	303	171	56.44	132	43.56
05041	227	149	65.64	78	34.36
06001	350	202	57.71	148	42.29
06002	321	192	59.81	129	40.19
06003	333	235	70.57	98	29.43
06004	220	133	60.45	87	39.55
06005	217	120	55.30	97	44.70
06006	285	164	57.54	121	42.46
06007	264	160	60.61	104	39.39
06008	321	176	54.83	145	45.17
06009	254	141	55.51	113	44.49
06010	186	108	58.06	78	41.94
06011	243	135	55.56	108	44.44
06012	176	101	57.39	75	42.61
06013	227	121	53.30	106	46.70
06014	282	156	55.32	126	44.68
06015	247	138	55.87	109	44.13
06016	337	185	54.90	152	45.10
06017	213	141	66.20	72	33.80
06018	200	118	59.00	82	41.00
06019	280	183	65.36	97	34.64
06020	159	88	55.35	71	44.65
06021	173	107	61.85	66	38.15
06022	203	111	54.68	92	45.32
06023	174	97	55.75	77	44.25
06024	165	104	63.03	61	36.97
06025	174	95	54.60	79	45.40
06026	170	90	52.94	80	47.06
06027	160	74	46.25	86	53.75
06028	147	79	53.74	68	46.26
06029	351	198	56.41	153	43.59
06030	239	121	50.63	118	49.37
06031	321	191	59.50	130	40.50
06032	272	155	56.99	117	43.01
06033	302	167	55.30	135	44.70
06034	303	170	56.11	133	43.89
06035	296	166	56.08	130	43.92
06036	341	203	59.53	138	40.47
06037	373	187	50.13	186	49.87
06038	340	172	50.59	168	49.41
06039	249	128	51.41	121	48.59
06040	258	139	53.88	119	46.12
06041	295	182	61.69	113	38.31
06042	268	153	57.09	115	42.91
06043	270	137	50.74	133	49.26
06044	323	198	61.30	125	38.70
06045	301	157	52.16	144	47.84
06046	219	119	54.34	100	45.66
06047	229	132	57.64	97	42.36
06048	284	171	60.21	113	39.79
07001	229	119	51.97	110	48.03
07002	240	128	53.33	112	46.67
07003	289	156	53.98	133	46.02
07004	289	148	51.21	141	48.79
07005	225	111	49.33	114	50.67
07006	388	221	56.96	167	43.04
07007	225	125	55.56	100	44.44
07008	286	200	69.93	86	30.07
07009	506	262	51.78	244	48.22
07010	298	176	59.06	122	40.94
07011	264	147	55.68	117	44.32
07012	260	148	56.92	112	43.08
07013	219	150	68.49	69	31.51
07014	268	156	58.21	112	41.79
07015	302	152	50.33	150	49.67
07016	226	122	53.98	104	46.02
07017	213	119	55.87	94	44.13
07018	228	124	54.39	104	45.61
07019	269	169	62.83	100	37.17
07020	174	105	60.34	69	39.66
07021	196	109	55.61	87	44.39
07022	209	112	53.59	97	46.41
07023	317	171	53.94	146	46.06
07024	263	143	54.37	120	45.63
07025	239	112	46.86	127	53.14
07026	230	131	56.96	99	43.04
07027	231	142	61.47	89	38.53
07028	207	113	54.59	94	45.41
07029	233	155	66.52	78	33.48
07030	208	105	50.48	103	49.52
07031	171	80	46.78	91	53.22
07032	434	262	60.37	172	39.63
07033	407	251	61.67	156	38.33
07034	364	208	57.14	156	42.86
07035	272	131	48.16	141	51.84
07036	353	190	53.82	163	46.18
07037	336	193	57.44	143	42.56
07038	198	124	62.63	74	37.37
07039	279	160	57.35	119	42.65
07040	289	167	57.79	122	42.21
07041	262	143	54.58	119	45.42
07042	275	159	57.82	116	42.18
07043	269	158	58.74	111	41.26
07044	247	148	59.92	99	40.08
07045	262	135	51.53	127	48.47
07046	156	108	69.23	48	30.77
08001	217	130	59.91	87	40.09
08002	281	173	61.57	108	38.43
08003	362	213	58.84	149	41.16
08004	367	216	58.86	151	41.14
08005	373	212	56.84	161	43.16
08006	322	197	61.18	125	38.82
08007	362	213	58.84	149	41.16
08008	335	184	54.93	151	45.07
08009	195	115	58.97	80	41.03
08010	399	221	55.39	178	44.61
08011	275	167	60.73	108	39.27
08012	250	138	55.20	112	44.80
08013	320	197	61.56	123	38.44
08014	182	104	57.14	78	42.86
08015	252	141	55.95	111	44.05
08016	91	52	57.14	39	42.86
08017	280	178	63.57	102	36.43
08018	240	153	63.75	87	36.25
08019	361	189	52.35	172	47.65
08020	313	175	55.91	138	44.09
08021	343	193	56.27	150	43.73
08022	269	172	63.94	97	36.06
08023	225	115	51.11	110	48.89
08024	198	109	55.05	89	44.95
08025	295	181	61.36	114	38.64
08026	275	168	61.09	107	38.91
08027	331	185	55.89	146	44.11
08028	304	164	53.95	140	46.05
08029	329	182	55.32	147	44.68
08030	323	197	60.99	126	39.01
08031	225	138	61.33	87	38.67
08032	244	143	58.61	101	41.39
08033	283	178	62.90	105	37.10
08034	289	190	65.74	99	34.26
08035	351	195	55.56	156	44.44
08036	319	190	59.56	129	40.44
08037	273	155	56.78	118	43.22
08038	207	130	62.80	77	37.20
08039	302	187	61.92	115	38.08
08040	226	149	65.93	77	34.07
08041	307	178	57.98	129	42.02
08042	355	194	54.65	161	45.35
08043	156	87	55.77	69	44.23
08044	184	97	52.72	87	47.28
08045	237	136	57.38	101	42.62
08046	240	120	50.00	120	50.00
08047	256	163	63.67	93	36.33
08048	238	137	57.56	101	42.44
08049	296	162	54.73	134	45.27
08050	330	207	62.73	123	37.27
08051	331	175	52.87	156	47.13
08052	406	233	57.39	173	42.61
08053	168	105	62.50	63	37.50
08054	227	135	59.47	92	40.53
08055	187	120	64.17	67	35.83
08056	320	205	64.06	115	35.94
09001	286	186	65.03	100	34.97
09002	236	143	60.59	93	39.41
09003	152	91	59.87	61	40.13
09004	226	131	57.96	95	42.04
09005	260	159	61.15	101	38.85
09006	304	175	57.57	129	42.43
09007	190	108	56.84	82	43.16
09008	227	129	56.83	98	43.17
09009	340	199	58.53	141	41.47
09010	240	132	55.00	108	45.00
09011	194	121	62.37	73	37.63
09012	311	181	58.20	130	41.80
09013	333	194	58.26	139	41.74
09014	366	218	59.56	148	40.44
09015	156	93	59.62	63	40.38
09016	242	156	64.46	86	35.54
09017	201	121	60.20	80	39.80
09018	194	112	57.73	82	42.27
09019	240	133	55.42	107	44.58
09020	295	178	60.34	117	39.66
09021	257	154	59.92	103	40.08
09022	306	178	58.17	128	41.83
09023	333	185	55.56	148	44.44
09024	285	186	65.26	99	34.74
09025	287	154	53.66	133	46.34
09026	190	98	51.58	92	48.42
09027	253	155	61.26	98	38.74
09028	164	71	43.29	93	56.71
09029	262	143	54.58	119	45.42
09030	222	134	60.36	88	39.64
09031	210	127	60.48	83	39.52
09032	255	145	56.86	110	43.14
09033	188	126	67.02	62	32.98
09034	218	131	60.09	87	39.91
09035	279	165	59.14	114	40.86
09036	226	123	54.42	103	45.58
09037	336	193	57.44	143	42.56
09038	268	175	65.30	93	34.70
09039	287	168	58.54	119	41.46
09040	314	190	60.51	124	39.49
09041	226	141	62.39	85	37.61
09042	330	166	50.30	164	49.70
09043	216	139	64.35	77	35.65
09044	248	102	41.13	146	58.87
09045	213	131	61.50	82	38.50
09046	258	152	58.91	106	41.09
09047	341	195	57.18	146	42.82
09048	315	162	51.43	153	48.57
09049	307	183	59.61	124	40.39
09050	387	211	54.52	176	45.48
09051	302	185	61.26	117	38.74
10001	250	127	50.80	123	49.20
10002	379	196	51.72	183	48.28
10003	367	223	60.76	144	39.24
10004	257	91	35.41	166	64.59
10005	305	163	53.44	142	46.56
10006	300	124	41.33	176	58.67
10007	232	76	32.76	156	67.24
10008	165	67	40.61	98	59.39
10009	391	206	52.69	185	47.31
10010	376	162	43.09	214	56.91
10011	478	148	30.96	330	69.04
10012	249	93	37.35	156	62.65
10013	367	125	34.06	242	65.94
10014	497	163	32.80	334	67.20
10015	552	287	51.99	265	48.01
10016	278	160	57.55	118	42.45
10017	494	260	52.63	234	47.37
10018	193	74	38.34	119	61.66
10019	417	169	40.53	248	59.47
10020	412	173	41.99	239	58.01
10021	388	120	30.93	268	69.07
10022	190	40	21.05	150	78.95
10023	337	98	29.08	239	70.92
10024	408	223	54.66	185	45.34
10025	95	38	40.00	57	60.00
10026	266	76	28.57	190	71.43
10027	284	108	38.03	176	61.97
10028	423	108	25.53	315	74.47
10029	335	99	29.55	236	70.45
10030	322	84	26.09	238	73.91
10031	258	70	27.13	188	72.87
10032	360	146	40.56	214	59.44
10033	251	67	26.69	184	73.31
10034	211	66	31.28	145	68.72
10035	449	211	46.99	238	53.01
10036	87	31	35.63	56	64.37
11001	385	244	63.38	141	36.62
11002	41	17	41.46	24	58.54
11003	267	74	27.72	193	72.28
11004	355	164	46.20	191	53.80
11005	430	178	41.40	252	58.60
11006	324	206	63.58	118	36.42
11007	244	140	57.38	104	42.62
11008	364	192	52.75	172	47.25
11009	338	178	52.66	160	47.34
11010	368	235	63.86	133	36.14
11011	406	222	54.68	184	45.32
11012	615	366	59.51	249	40.49
11013	555	339	61.08	216	38.92
11014	249	182	73.09	67	26.91
11015	168	127	75.60	41	24.40
11016	300	181	60.33	119	39.67
11017	393	219	55.73	174	44.27
11018	355	253	71.27	102	28.73
11019	438	223	50.91	215	49.09
11020	303	218	71.95	85	28.05
11021	583	407	69.81	176	30.19
11022	484	273	56.40	211	43.60
11023	271	202	74.54	69	25.46
11024	503	378	75.15	125	24.85
11025	404	247	61.14	157	38.86
11026	508	327	64.37	181	35.63
11027	158	96	60.76	62	39.24
11028	205	127	61.95	78	38.05
11029	499	325	65.13	174	34.87
11030	233	180	77.25	53	22.75
11031	441	274	62.13	167	37.87
11032	237	189	79.75	48	20.25
11033	300	200	66.67	100	33.33
11034	164	130	79.27	34	20.73
11035	154	109	70.78	45	29.22
11036	178	119	66.85	59	33.15
11037	138	102	73.91	36	26.09
11038	150	36	24.00	114	76.00
12001	333	104	31.23	229	68.77
12002	255	73	28.63	182	71.37
12003	379	114	30.08	265	69.92
12004	330	101	30.61	229	69.39
12005	289	124	42.91	165	57.09
12006	327	104	31.80	223	68.20
12007	261	29	11.11	232	88.89
12008	331	128	38.67	203	61.33
12009	286	83	29.02	203	70.98
12010	302	39	12.91	263	87.09
12011	326	56	17.18	270	82.82
12012	267	74	27.72	193	72.28
12013	316	84	26.58	232	73.42
12014	241	25	10.37	216	89.63
12015	305	76	24.92	229	75.08
12016	294	37	12.59	257	87.41
12017	323	91	28.17	232	71.83
12018	269	33	12.27	236	87.73
12019	304	68	22.37	236	77.63
12020	354	79	22.32	275	77.68
12021	316	98	31.01	218	68.99
12022	242	30	12.40	212	87.60
12023	311	107	34.41	204	65.59
13001	267	166	62.17	101	37.83
13002	305	207	67.87	98	32.13
13003	218	80	36.70	138	63.30
13004	335	215	64.18	120	35.82
13005	351	153	43.59	198	56.41
13006	325	218	67.08	107	32.92
13007	242	125	51.65	117	48.35
13008	231	120	51.95	111	48.05
13009	288	153	53.13	135	46.88
13010	317	212	66.88	105	33.12
13011	366	218	59.56	148	40.44
13012	285	145	50.88	140	49.12
13013	312	139	44.55	173	55.45
13014	271	130	47.97	141	52.03
13015	438	240	54.79	198	45.21
13016	237	108	45.57	129	54.43
13017	261	149	57.09	112	42.91
13018	243	148	60.91	95	39.09
13019	322	121	37.58	201	62.42
13020	194	123	63.40	71	36.60
13021	371	247	66.58	124	33.42
13022	353	220	62.32	133	37.68
13023	233	104	44.64	129	55.36
13024	289	157	54.33	132	45.67
13025	307	156	50.81	151	49.19
13026	310	204	65.81	106	34.19
13027	307	187	60.91	120	39.09
13028	252	112	44.44	140	55.56
13029	248	112	45.16	136	54.84
13030	233	104	44.64	129	55.36
13031	325	199	61.23	126	38.77
13032	277	180	64.98	97	35.02
13033	294	189	64.29	105	35.71
13034	359	184	51.25	175	48.75
13035	281	126	44.84	155	55.16
13036	169	74	43.79	95	56.21
13037	333	186	55.86	147	44.14
13038	283	171	60.42	112	39.58
13039	310	147	47.42	163	52.58
13040	254	149	58.66	105	41.34
13041	284	128	45.07	156	54.93
13042	310	192	61.94	118	38.06
13043	328	193	58.84	135	41.16
13044	409	310	75.79	99	24.21
13045	302	208	68.87	94	31.13
13046	357	139	38.94	218	61.06
13047	313	142	45.37	171	54.63
13048	283	197	69.61	86	30.39
14001	416	246	59.13	170	40.87
14002	421	155	36.82	266	63.18
14003	295	75	25.42	220	74.58
14004	321	194	60.44	127	39.56
14005	372	88	23.66	284	76.34
14006	146	42	28.77	104	71.23
14007	326	92	28.22	234	71.78
14008	303	81	26.73	222	73.27
14009	360	202	56.11	158	43.89
14010	220	72	32.73	148	67.27
14011	171	55	32.16	116	67.84
14012	312	128	41.03	184	58.97
14013	238	88	36.97	150	63.03
14014	273	75	27.47	198	72.53
14015	302	76	25.17	226	74.83
14016	227	74	32.60	153	67.40
14017	257	77	29.96	180	70.04
14018	136	56	41.18	80	58.82
14019	274	59	21.53	215	78.47
14020	191	53	27.75	138	72.25
14021	289	52	17.99	237	82.01
14022	331	147	44.41	184	55.59
14023	263	138	52.47	125	47.53
14024	406	235	57.88	171	42.12
14025	188	34	18.09	154	81.91
14026	192	33	17.19	159	82.81
14027	267	108	40.45	159	59.55
14028	234	92	39.32	142	60.68
14029	256	73	28.52	183	71.48
14030	155	29	18.71	126	81.29
14031	175	33	18.86	142	81.14
15001	337	57	16.91	280	83.09
15002	172	105	61.05	67	38.95
15003	184	100	54.35	84	45.65
15004	340	68	20.00	272	80.00
15005	275	47	17.09	228	82.91
15006	303	73	24.09	230	75.91
15007	225	121	53.78	104	46.22
15008	333	63	18.92	270	81.08
15009	386	68	17.62	318	82.38
15010	373	86	23.06	287	76.94
15011	340	74	21.76	266	78.24
15012	390	89	22.82	301	77.18
15013	258	46	17.83	212	82.17
15014	229	30	13.10	199	86.90
15015	224	48	21.43	176	78.57
15016	310	77	24.84	233	75.16
15017	231	138	59.74	93	40.26
15018	199	105	52.76	94	47.24
15019	264	89	33.71	175	66.29
15020	180	90	50.00	90	50.00
15021	187	108	57.75	79	42.25
15022	202	107	52.97	95	47.03
15023	216	133	61.57	83	38.43
15024	189	92	48.68	97	51.32
16001	311	65	20.90	246	79.10
16002	219	131	59.82	88	40.18
16003	209	134	64.11	75	35.89
16004	226	123	54.42	103	45.58
16005	185	97	52.43	88	47.57
16006	207	111	53.62	96	46.38
16007	222	101	45.50	121	54.50
16008	132	80	60.61	52	39.39
16009	245	147	60.00	98	40.00
16010	217	129	59.45	88	40.55
16011	227	104	45.81	123	54.19
16012	178	103	57.87	75	42.13
16013	216	78	36.11	138	63.89
16014	185	107	57.84	78	42.16
16015	252	162	64.29	90	35.71
16016	256	143	55.86	113	44.14
16017	228	88	38.60	140	61.40
16018	250	111	44.40	139	55.60
16019	190	92	48.42	98	51.58
16020	206	130	63.11	76	36.89
16021	186	100	53.76	86	46.24
16022	198	106	53.54	92	46.46
16023	225	60	26.67	165	73.33
16024	151	86	56.95	65	43.05
16025	249	150	60.24	99	39.76
16026	219	123	56.16	96	43.84
16027	189	106	56.08	83	43.92
16028	277	160	57.76	117	42.24
16029	199	109	54.77	90	45.23
16030	209	122	58.37	87	41.63
16031	246	154	62.60	92	37.40
16032	234	60	25.64	174	74.36
16033	235	134	57.02	101	42.98
16034	209	129	61.72	80	38.28
16035	220	72	32.73	148	67.27
16036	188	116	61.70	72	38.30
17001	259	78	30.12	181	69.88
17002	237	128	54.01	109	45.99
17003	226	129	57.08	97	42.92
17004	300	196	65.33	104	34.67
17005	229	128	55.90	101	44.10
17006	224	114	50.89	110	49.11
17007	181	62	34.25	119	65.75
17008	231	123	53.25	108	46.75
17009	263	147	55.89	116	44.11
17010	278	158	56.83	120	43.17
17011	217	130	59.91	87	40.09
17012	268	102	38.06	166	61.94
17013	207	123	59.42	84	40.58
17014	262	124	47.33	138	52.67
17015	260	137	52.69	123	47.31
17016	226	97	42.92	129	57.08
17017	234	134	57.26	100	42.74
17018	295	181	61.36	114	38.64
17019	142	80	56.34	62	43.66
17020	343	196	57.14	147	42.86
17021	353	200	56.66	153	43.34
17022	276	147	53.26	129	46.74
17023	177	98	55.37	79	44.63
17024	300	192	64.00	108	36.00
17025	202	117	57.92	85	42.08
17026	313	191	61.02	122	38.98
17027	236	137	58.05	99	41.95
17028	211	117	55.45	94	44.55
17029	220	142	64.55	78	35.45
17030	228	87	38.16	141	61.84
17031	190	105	55.26	85	44.74
17032	175	112	64.00	63	36.00
17033	165	93	56.36	72	43.64
17034	188	105	55.85	83	44.15
17035	195	114	58.46	81	41.54
17036	295	163	55.25	132	44.75
17037	219	132	60.27	87	39.73
17038	288	170	59.03	118	40.97
17039	263	146	55.51	117	44.49
17040	256	147	57.42	109	42.58
17041	311	202	64.95	109	35.05
18001	231	108	46.75	123	53.25
18002	272	108	39.71	164	60.29
18003	321	145	45.17	176	54.83
18004	314	156	49.68	158	50.32
18005	202	141	69.80	61	30.20
18006	273	162	59.34	111	40.66
18007	297	158	53.20	139	46.80
18008	312	166	53.21	146	46.79
18009	309	176	56.96	133	43.04
18010	394	215	54.57	179	45.43
18011	255	128	50.20	127	49.80
18012	273	161	58.97	112	41.03
18013	318	156	49.06	162	50.94
18014	299	163	54.52	136	45.48
18015	320	131	40.94	189	59.06
18016	296	166	56.08	130	43.92
18017	312	153	49.04	159	50.96
18018	279	170	60.93	109	39.07
18019	305	178	58.36	127	41.64
18020	251	148	58.96	103	41.04
18021	381	194	50.92	187	49.08
18022	356	202	56.74	154	43.26
18023	270	139	51.48	131	48.52
18024	288	124	43.06	164	56.94
18025	304	122	40.13	182	59.87
18026	364	199	54.67	165	45.33
18027	226	119	52.65	107	47.35
18028	294	154	52.38	140	47.62
18029	308	154	50.00	154	50.00
18030	327	155	47.40	172	52.60
18031	300	130	43.33	170	56.67
18032	314	189	60.19	125	39.81
18033	238	126	52.94	112	47.06
18034	405	236	58.27	169	41.73
18035	368	204	55.43	164	44.57
18036	293	147	50.17	146	49.83
18037	358	178	49.72	180	50.28
18038	294	158	53.74	136	46.26
18039	210	110	52.38	100	47.62
18040	351	151	43.02	200	56.98
18041	357	204	57.14	153	42.86
18042	249	143	57.43	106	42.57
18043	241	96	39.83	145	60.17
18044	287	144	50.17	143	49.83
18045	286	108	37.76	178	62.24
18046	341	144	42.23	197	57.77
18047	198	100	50.51	98	49.49
18048	218	125	57.34	93	42.66
18049	195	101	51.79	94	48.21
18050	218	126	57.80	92	42.20
19001	320	228	71.25	92	28.75
19002	486	306	62.96	180	37.04
19003	282	168	59.57	114	40.43
19004	407	248	60.93	159	39.07
19005	395	247	62.53	148	37.47
19006	379	196	51.72	183	48.28
19007	340	212	62.35	128	37.65
19008	409	222	54.28	187	45.72
19009	253	166	65.61	87	34.39
19010	409	256	62.59	153	37.41
19011	389	246	63.24	143	36.76
19012	297	178	59.93	119	40.07
19013	402	212	52.74	190	47.26
19014	382	244	63.87	138	36.13
19015	477	258	54.09	219	45.91
19016	382	226	59.16	156	40.84
19017	301	173	57.48	128	42.52
19018	318	187	58.81	131	41.19
19019	460	279	60.65	181	39.35
19020	321	184	57.32	137	42.68
19021	330	200	60.61	130	39.39
19022	387	223	57.62	164	42.38
19023	375	235	62.67	140	37.33
19024	295	182	61.69	113	38.31
19025	339	228	67.26	111	32.74
19026	344	247	71.80	97	28.20
19027	339	176	51.92	163	48.08
19028	390	206	52.82	184	47.18
19029	343	186	54.23	157	45.77
19030	319	203	63.64	116	36.36
19031	311	186	59.81	125	40.19
19032	316	190	60.13	126	39.87
19033	356	200	56.18	156	43.82
19034	339	228	67.26	111	32.74
19035	312	199	63.78	113	36.22
19036	406	233	57.39	173	42.61
19037	350	175	50.00	175	50.00
19038	302	174	57.62	128	42.38
19039	87	48	55.17	39	44.83
19040	376	222	59.04	154	40.96
19041	334	190	56.89	144	43.11
19042	284	153	53.87	131	46.13
19043	426	236	55.40	190	44.60
19044	393	241	61.32	152	38.68
19045	348	207	59.48	141	40.52
19046	377	257	68.17	120	31.83
19047	489	258	52.76	231	47.24
19048	347	209	60.23	138	39.77
19049	435	232	53.33	203	46.67
19050	271	150	55.35	121	44.65
19051	413	292	70.70	121	29.30
19052	390	201	51.54	189	48.46
19053	332	207	62.35	125	37.65
19054	279	146	52.33	133	47.67
19055	314	191	60.83	123	39.17
19056	384	254	66.15	130	33.85
19057	303	171	56.44	132	43.56
20001	216	114	52.78	102	47.22
20002	116	75	64.66	41	35.34
20003	219	122	55.71	97	44.29
20004	121	60	49.59	61	50.41
20005	253	126	49.80	127	50.20
20006	128	78	60.94	50	39.06
20007	212	115	54.25	97	45.75
20008	280	172	61.43	108	38.57
20009	319	174	54.55	145	45.45
20010	196	108	55.10	88	44.90
20011	300	163	54.33	137	45.67
20012	133	67	50.38	66	49.62
20013	283	157	55.48	126	44.52
20014	168	95	56.55	73	43.45
20015	224	41	18.30	183	81.70
20016	298	151	50.67	147	49.33
20017	157	69	43.95	88	56.05
20018	206	126	61.17	80	38.83
20019	257	146	56.81	111	43.19
20020	173	33	19.08	140	80.92
20021	193	112	58.03	81	41.97
20022	339	182	53.69	157	46.31
20023	285	172	60.35	113	39.65
20024	245	124	50.61	121	49.39
20025	237	130	54.85	107	45.15
20026	279	131	46.95	148	53.05
20027	168	91	54.17	77	45.83
20028	190	111	58.42	79	41.58
20029	325	203	62.46	122	37.54
20030	152	99	65.13	53	34.87
20031	246	151	61.38	95	38.62
20032	258	166	64.34	92	35.66
20033	146	101	69.18	45	30.82
20034	286	112	39.16	174	60.84
20035	143	80	55.94	63	44.06
20036	90	60	66.67	30	33.33
20037	92	54	58.70	38	41.30
20038	112	64	57.14	48	42.86
20039	43	20	46.51	23	53.49
21001	327	208	63.61	119	36.39
21002	201	118	58.71	83	41.29
21003	305	184	60.33	121	39.67
21004	283	151	53.36	132	46.64
21005	335	188	56.12	147	43.88
21006	257	154	59.92	103	40.08
21007	328	198	60.37	130	39.63
21008	270	151	55.93	119	44.07
21009	334	192	57.49	142	42.51
21010	281	163	58.01	118	41.99
21011	284	190	66.90	94	33.10
21012	270	161	59.63	109	40.37
21013	260	145	55.77	115	44.23
21014	349	209	59.89	140	40.11
21015	261	151	57.85	110	42.15
21016	265	164	61.89	101	38.11
21017	250	137	54.80	113	45.20
21018	327	201	61.47	126	38.53
21019	303	199	65.68	104	34.32
21020	279	170	60.93	109	39.07
21021	233	149	63.95	84	36.05
21022	281	169	60.14	112	39.86
21023	269	146	54.28	123	45.72
21024	285	172	60.35	113	39.65
21025	279	153	54.84	126	45.16
21026	257	157	61.09	100	38.91
21027	298	150	50.34	148	49.66
21028	333	191	57.36	142	42.64
21029	293	170	58.02	123	41.98
21030	195	115	58.97	80	41.03
21031	219	135	61.64	84	38.36
21032	271	164	60.52	107	39.48
21033	289	169	58.48	120	41.52
21034	276	143	51.81	133	48.19
21035	309	202	65.37	107	34.63
21036	288	170	59.03	118	40.97
21037	237	132	55.70	105	44.30
21038	245	151	61.63	94	38.37
21039	206	121	58.74	85	41.26
21040	245	161	65.71	84	34.29
21041	314	175	55.73	139	44.27
21042	314	190	60.51	124	39.49
21043	285	177	62.11	108	37.89
21044	295	165	55.93	130	44.07
21045	289	161	55.71	128	44.29
21046	325	180	55.38	145	44.62
21047	252	146	57.94	106	42.06
21048	265	165	62.26	100	37.74
21049	330	182	55.15	148	44.85
21050	245	142	57.96	103	42.04
21051	326	202	61.96	124	38.04
21052	300	160	53.33	140	46.67
21053	225	123	54.67	102	45.33
21054	230	142	61.74	88	38.26
22001	175	102	58.29	73	41.71
22002	333	147	44.14	186	55.86
22003	436	26	5.96	410	94.04
22004	274	16	5.84	258	94.16
22005	320	32	10.00	288	90.00
22006	336	34	10.12	302	89.88
22007	240	24	10.00	216	90.00
22008	372	175	47.04	197	52.96
22009	257	12	4.67	245	95.33
22010	436	50	11.47	386	88.53
22011	264	27	10.23	237	89.77
22012	293	109	37.20	184	62.80
22013	315	41	13.02	274	86.98
22014	229	44	19.21	185	80.79
22015	234	21	8.97	213	91.03
22016	286	32	11.19	254	88.81
22017	333	30	9.01	303	90.99
22018	249	25	10.04	224	89.96
22019	124	43	34.68	81	65.32
22020	305	38	12.46	267	87.54
22021	300	123	41.00	177	59.00
22022	268	30	11.19	238	88.81
22023	343	216	62.97	127	37.03
22024	370	29	7.84	341	92.16
22025	337	32	9.50	305	90.50
23001	331	202	61.03	129	38.97
23002	309	172	55.66	137	44.34
23003	306	197	64.38	109	35.62
23004	368	215	58.42	153	41.58
23005	285	84	29.47	201	70.53
23006	321	118	36.76	203	63.24
23007	263	76	28.90	187	71.10
23008	362	182	50.28	180	49.72
23009	240	64	26.67	176	73.33
23010	337	120	35.61	217	64.39
23011	325	79	24.31	246	75.69
23012	336	183	54.46	153	45.54
23013	193	39	20.21	154	79.79
23014	297	173	58.25	124	41.75
23015	258	74	28.68	184	71.32
23016	313	187	59.74	126	40.26
23017	177	37	20.90	140	79.10
23018	279	132	47.31	147	52.69
23019	235	50	21.28	185	78.72
23020	184	45	24.46	139	75.54
23021	319	191	59.87	128	40.13
23022	303	170	56.11	133	43.89
23023	325	180	55.38	145	44.62
23024	236	54	22.88	182	77.12
23025	278	96	34.53	182	65.47
23026	306	130	42.48	176	57.52
23027	329	186	56.53	143	43.47
23028	327	167	51.07	160	48.93
23029	267	149	55.81	118	44.19
23030	332	99	29.82	233	70.18
23031	240	50	20.83	190	79.17
23032	302	93	30.79	209	69.21
23033	292	60	20.55	232	79.45
23034	257	68	26.46	189	73.54
23035	255	130	50.98	125	49.02
23036	353	226	64.02	127	35.98
23037	313	201	64.22	112	35.78
23038	276	155	56.16	121	43.84
23039	283	71	25.09	212	74.91
24001	216	113	52.31	103	47.69
24002	196	101	51.53	95	48.47
24003	223	125	56.05	98	43.95
24004	187	114	60.96	73	39.04
24005	136	66	48.53	70	51.47
24006	232	120	51.72	112	48.28
24007	149	41	27.52	108	72.48
24008	150	79	52.67	71	47.33
24009	220	124	56.36	96	43.64
24010	132	58	43.94	74	56.06
24011	227	121	53.30	106	46.70
24012	125	73	58.40	52	41.60
24013	116	72	62.07	44	37.93
24014	193	105	54.40	88	45.60
24015	139	76	54.68	63	45.32
24016	263	60	22.81	203	77.19
24017	158	86	54.43	72	45.57
24018	252	133	52.78	119	47.22
24019	247	140	56.68	107	43.32
24020	172	93	54.07	79	45.93
24021	113	61	53.98	52	46.02
24022	279	159	56.99	120	43.01
24023	201	100	49.75	101	50.25
24024	274	133	48.54	141	51.46
24025	188	110	58.51	78	41.49
24026	320	194	60.63	126	39.38
24027	231	126	54.55	105	45.45
24028	184	91	49.46	93	50.54
24029	168	99	58.93	69	41.07
24030	123	65	52.85	58	47.15
24031	249	127	51.00	122	49.00
24032	134	81	60.45	53	39.55
24033	125	72	57.60	53	42.40
24034	200	110	55.00	90	45.00
24035	309	162	52.43	147	47.57
24036	287	154	53.66	133	46.34
24037	136	73	53.68	63	46.32
24038	214	80	37.38	134	62.62
24039	296	147	49.66	149	50.34
24040	207	110	53.14	97	46.86
24041	155	99	63.87	56	36.13
25001	312	84	26.92	228	73.08
25002	319	66	20.69	253	79.31
25003	250	172	68.80	78	31.20
25004	230	142	61.74	88	38.26
25005	353	101	28.61	252	71.39
25006	143	103	72.03	40	27.97
25007	344	52	15.12	292	84.88
25008	351	55	15.67	296	84.33
25009	343	51	14.87	292	85.13
25010	318	276	86.79	42	13.21
25011	352	67	19.03	285	80.97
25012	326	70	21.47	256	78.53
25013	379	55	14.51	324	85.49
25014	249	181	72.69	68	27.31
25015	323	88	27.24	235	72.76
25016	301	256	85.05	45	14.95
25017	378	95	25.13	283	74.87
25018	333	266	79.88	67	20.12
25019	389	65	16.71	324	83.29
25020	213	138	64.79	75	35.21
25021	316	233	73.73	83	26.27
25022	326	59	18.10	267	81.90
25023	360	74	20.56	286	79.44
25024	359	55	15.32	304	84.68
25025	309	209	67.64	100	32.36
25026	318	59	18.55	259	81.45
25027	220	150	68.18	70	31.82
25028	368	62	16.85	306	83.15
25029	272	163	59.93	109	40.07
25030	309	51	16.50	258	83.50
25031	312	258	82.69	54	17.31
25032	299	83	27.76	216	72.24
26001	197	82	41.62	115	58.38
26002	211	55	26.07	156	73.93
26003	212	95	44.81	117	55.19
26004	168	60	35.71	108	64.29
26005	193	58	30.05	135	69.95
26006	230	72	31.30	158	68.70
26007	161	49	30.43	112	69.57
26008	115	26	22.61	89	77.39
26009	197	60	30.46	137	69.54
26010	196	59	30.10	137	69.90
26011	205	59	28.78	146	71.22
26012	190	74	38.95	116	61.05
26013	140	52	37.14	88	62.86
26014	154	34	22.08	120	77.92
26015	125	43	34.40	82	65.60
26016	125	39	31.20	86	68.80
26017	205	116	56.59	89	43.41
26018	201	80	39.80	121	60.20
26019	131	43	32.82	88	67.18
26020	191	84	43.98	107	56.02
26021	220	73	33.18	147	66.82
26022	146	41	28.08	105	71.92
26023	142	44	30.99	98	69.01
26024	199	67	33.67	132	66.33
26025	191	55	28.80	136	71.20
26026	131	43	32.82	88	67.18
26027	240	89	37.08	151	62.92
26028	235	127	54.04	108	45.96
26029	146	53	36.30	93	63.70
26030	158	48	30.38	110	69.62
26031	118	34	28.81	84	71.19
26032	217	115	53.00	102	47.00
26033	201	72	35.82	129	64.18
26034	228	81	35.53	147	64.47
26035	220	84	38.18	136	61.82
26036	164	57	34.76	107	65.24
26037	207	54	26.09	153	73.91
26038	126	39	30.95	87	69.05
26039	213	79	37.09	134	62.91
26040	98	32	32.65	66	67.35
26041	218	81	37.16	137	62.84
26042	170	48	28.24	122	71.76
26043	145	38	26.21	107	73.79
26044	127	41	32.28	86	67.72
26045	99	30	30.30	69	69.70
26046	135	66	48.89	69	51.11
26047	173	41	23.70	132	76.30
26048	172	59	34.30	113	65.70
26049	124	31	25.00	93	75.00
27001	249	203	81.53	46	18.47
27002	295	207	70.17	88	29.83
27003	146	75	51.37	71	48.63
27004	145	75	51.72	70	48.28
27005	178	102	57.30	76	42.70
27006	195	132	67.69	63	32.31
27007	296	149	50.34	147	49.66
27008	185	110	59.46	75	40.54
27009	108	87	80.56	21	19.44
27010	266	176	66.17	90	33.83
27011	230	173	75.22	57	24.78
27012	177	144	81.36	33	18.64
27013	371	221	59.57	150	40.43
27014	119	73	61.34	46	38.66
27015	169	117	69.23	52	30.77
27016	181	137	75.69	44	24.31
27017	226	135	59.73	91	40.27
27018	193	126	65.28	67	34.72
27019	160	89	55.63	71	44.38
27020	175	108	61.71	67	38.29
27021	245	205	83.67	40	16.33
27022	152	74	48.68	78	51.32
27023	210	126	60.00	84	40.00
27024	199	79	39.70	120	60.30
27025	194	117	60.31	77	39.69
27026	215	111	51.63	104	48.37
27027	230	150	65.22	80	34.78
27028	125	72	57.60	53	42.40
27029	180	74	41.11	106	58.89
27030	125	71	56.80	54	43.20
27031	186	106	56.99	80	43.01
27032	192	102	53.13	90	46.88
27033	233	162	69.53	71	30.47
27034	233	162	69.53	71	30.47
27035	239	172	71.97	67	28.03
27036	177	98	55.37	79	44.63
27037	295	216	73.22	79	26.78
27038	417	310	74.34	107	25.66
27039	199	115	57.79	84	42.21
27040	297	178	59.93	119	40.07
27041	251	171	68.13	80	31.87
27042	177	121	68.36	56	31.64
27043	177	93	52.54	84	47.46
27044	186	104	55.91	82	44.09
27045	264	182	68.94	82	31.06
27046	187	168	89.84	19	10.16
27047	217	139	64.06	78	35.94
27048	272	175	64.34	97	35.66
27049	149	85	57.05	64	42.95
27050	206	128	62.14	78	37.86
28001	180	99	55.00	81	45.00
28002	179	94	52.51	85	47.49
28003	151	72	47.68	79	52.32
28004	183	114	62.30	69	37.70
28005	167	101	60.48	66	39.52
28006	153	102	66.67	51	33.33
28007	220	122	55.45	98	44.55
28008	131	94	71.76	37	28.24
28009	199	126	63.32	73	36.68
28010	235	150	63.83	85	36.17
28011	361	157	43.49	204	56.51
28012	222	143	64.41	79	35.59
28013	199	109	54.77	90	45.23
28014	218	141	64.68	77	35.32
28015	81	58	71.60	23	28.40
28016	140	87	62.14	53	37.86
28017	171	108	63.16	63	36.84
28018	182	117	64.29	65	35.71
28019	212	82	38.68	130	61.32
28020	223	108	48.43	115	51.57
28021	185	116	62.70	69	37.30
28022	180	85	47.22	95	52.78
28023	245	141	57.55	104	42.45
28024	192	110	57.29	82	42.71
28025	273	134	49.08	139	50.92
28026	222	135	60.81	87	39.19
28027	243	151	62.14	92	37.86
28028	268	177	66.04	91	33.96
28029	93	55	59.14	38	40.86
28030	47	27	57.45	20	42.55
28031	318	208	65.41	110	34.59
28032	195	117	60.00	78	40.00
28033	243	146	60.08	97	39.92
28034	286	157	54.90	129	45.10
28035	233	117	50.21	116	49.79
28036	142	81	57.04	61	42.96
28037	293	186	63.48	107	36.52
28038	115	64	55.65	51	44.35
28039	167	102	61.08	65	38.92
28040	262	164	62.60	98	37.40
28041	165	85	51.52	80	48.48
28042	242	131	54.13	111	45.87
28043	255	170	66.67	85	33.33
28044	159	84	52.83	75	47.17
28045	177	118	66.67	59	33.33
28046	404	171	42.33	233	57.67
29001	397	217	54.66	180	45.34
29002	406	257	63.30	149	36.70
29003	301	200	66.45	101	33.55
29004	320	195	60.94	125	39.06
29005	253	143	56.52	110	43.48
29006	234	138	58.97	96	41.03
29007	300	189	63.00	111	37.00
29008	171	98	57.31	73	42.69
29009	375	191	50.93	184	49.07
29010	448	263	58.71	185	41.29
29011	175	89	50.86	86	49.14
29012	359	216	60.17	143	39.83
29013	298	169	56.71	129	43.29
29014	303	155	51.16	148	48.84
29015	361	217	60.11	144	39.89
29016	299	177	59.20	122	40.80
29017	272	176	64.71	96	35.29
29018	263	162	61.60	101	38.40
29019	314	165	52.55	149	47.45
29020	385	216	56.10	169	43.90
29021	288	181	62.85	107	37.15
29022	218	99	45.41	119	54.59
29023	331	161	48.64	170	51.36
29024	259	165	63.71	94	36.29
29025	342	228	66.67	114	33.33
29026	302	172	56.95	130	43.05
29027	255	146	57.25	109	42.75
29028	356	194	54.49	162	45.51
29029	297	165	55.56	132	44.44
29030	393	227	57.76	166	42.24
29031	286	164	57.34	122	42.66
29032	267	131	49.06	136	50.94
29033	250	141	56.40	109	43.60
29034	200	112	56.00	88	44.00
29035	183	101	55.19	82	44.81
29036	274	186	67.88	88	32.12
29037	281	156	55.52	125	44.48
29038	258	123	47.67	135	52.33
29039	282	142	50.35	140	49.65
29040	331	201	60.73	130	39.27
29041	249	153	61.45	96	38.55
29042	283	171	60.42	112	39.58
29043	390	195	50.00	195	50.00
29044	367	199	54.22	168	45.78
30001	283	119	42.05	164	57.95
30002	276	127	46.01	149	53.99
30003	211	93	44.08	118	55.92
30004	282	134	47.52	148	52.48
30005	200	71	35.50	129	64.50
30006	228	99	43.42	129	56.58
30007	297	101	34.01	196	65.99
30008	312	147	47.12	165	52.88
30009	224	113	50.45	111	49.55
30010	279	112	40.14	167	59.86
30011	219	66	30.14	153	69.86
30012	234	95	40.60	139	59.40
30013	252	112	44.44	140	55.56
30014	172	63	36.63	109	63.37
30015	289	178	61.59	111	38.41
30016	140	56	40.00	84	60.00
30017	271	141	52.03	130	47.97
30018	254	73	28.74	181	71.26
30019	251	60	23.90	191	76.10
30020	285	105	36.84	180	63.16
30021	240	106	44.17	134	55.83
30022	287	88	30.66	199	69.34
30023	238	82	34.45	156	65.55
30024	240	81	33.75	159	66.25
30025	271	106	39.11	165	60.89
30026	175	77	44.00	98	56.00
30027	157	74	47.13	83	52.87
30028	280	132	47.14	148	52.86
30029	148	53	35.81	95	64.19
30030	114	37	32.46	77	67.54
30031	191	86	45.03	105	54.97
30032	190	80	42.11	110	57.89
31001	208	57	27.40	151	72.60
31002	175	59	33.71	116	66.29
31003	237	99	41.77	138	58.23
31004	236	78	33.05	158	66.95
31005	224	82	36.61	142	63.39
31006	214	87	40.65	127	59.35
31007	223	78	34.98	145	65.02
31008	151	60	39.74	91	60.26
31009	248	95	38.31	153	61.69
31010	181	77	42.54	104	57.46
31011	186	86	46.24	100	53.76
31012	183	80	43.72	103	56.28
31013	231	59	25.54	172	74.46
31014	203	90	44.33	113	55.67
31015	178	68	38.20	110	61.80
31016	246	60	24.39	186	75.61
31017	221	102	46.15	119	53.85
31018	203	84	41.38	119	58.62
31019	188	85	45.21	103	54.79
31020	203	73	35.96	130	64.04
31021	187	77	41.18	110	58.82
31022	176	43	24.43	133	75.57
31023	194	80	41.24	114	58.76
31024	228	93	40.79	135	59.21
31025	187	64	34.22	123	65.78
31026	230	97	42.17	133	57.83
31027	250	104	41.60	146	58.40
31028	178	62	34.83	116	65.17
31029	248	122	49.19	126	50.81
31030	168	64	38.10	104	61.90
31031	209	78	37.32	131	62.68
31032	174	55	31.61	119	68.39
31033	200	95	47.50	105	52.50
31034	204	91	44.61	113	55.39
31035	245	84	34.29	161	65.71
31036	245	101	41.22	144	58.78
31037	188	76	40.43	112	59.57
31038	210	79	37.62	131	62.38
31039	193	48	24.87	145	75.13
31040	209	71	33.97	138	66.03
31041	195	49	25.13	146	74.87
32001	282	172	60.99	110	39.01
32002	249	188	75.50	61	24.50
32003	358	139	38.83	219	61.17
32004	299	208	69.57	91	30.43
32005	287	172	59.93	115	40.07
32006	258	203	78.68	55	21.32
32007	315	234	74.29	81	25.71
32008	322	270	83.85	52	16.15
32009	301	188	62.46	113	37.54
32010	287	206	71.78	81	28.22
32011	301	117	38.87	184	61.13
32012	267	81	30.34	186	69.66
32013	282	223	79.08	59	20.92
32014	274	107	39.05	167	60.95
32015	264	164	62.12	100	37.88
32016	289	156	53.98	133	46.02
32017	316	131	41.46	185	58.54
32018	300	250	83.33	50	16.67
32019	253	138	54.55	115	45.45
32020	324	78	24.07	246	75.93
32021	331	216	65.26	115	34.74
32022	360	146	40.56	214	59.44
32023	256	201	78.52	55	21.48
32024	196	167	85.20	29	14.80
32025	261	162	62.07	99	37.93
32026	340	158	46.47	182	53.53
32027	321	253	78.82	68	21.18
32028	301	123	40.86	178	59.14
32029	316	170	53.80	146	46.20
32030	290	248	85.52	42	14.48
32031	295	213	72.20	82	27.80
32032	299	211	70.57	88	29.43
32033	319	216	67.71	103	32.29
32034	262	154	58.78	108	41.22
32035	258	183	70.93	75	29.07
32036	287	209	72.82	78	27.18
32037	222	122	54.95	100	45.05
32038	254	165	64.96	89	35.04
32039	348	295	84.77	53	15.23
32040	338	263	77.81	75	22.19
32041	297	222	74.75	75	25.25
32042	264	169	64.02	95	35.98
32043	286	117	40.91	169	59.09
33001	325	122	37.54	203	62.46
33002	416	172	41.35	244	58.65
33003	374	142	37.97	232	62.03
33004	370	149	40.27	221	59.73
33005	285	139	48.77	146	51.23
33006	300	130	43.33	170	56.67
33007	349	173	49.57	176	50.43
33008	478	256	53.56	222	46.44
33009	351	185	52.71	166	47.29
33010	365	218	59.73	147	40.27
33011	348	145	41.67	203	58.33
33012	344	159	46.22	185	53.78
33013	310	98	31.61	212	68.39
33014	159	45	28.30	114	71.70
33015	407	149	36.61	258	63.39
33016	487	233	47.84	254	52.16
33017	395	161	40.76	234	59.24
33018	396	151	38.13	245	61.87
33019	301	130	43.19	171	56.81
33020	377	153	40.58	224	59.42
33021	351	151	43.02	200	56.98
33022	387	211	54.52	176	45.48
33023	355	175	49.30	180	50.70
33024	545	326	59.82	219	40.18
33025	407	158	38.82	249	61.18
33026	230	78	33.91	152	66.09
33027	264	115	43.56	149	56.44
33028	261	88	33.72	173	66.28
34001	318	189	59.43	129	40.57
34002	270	175	64.81	95	35.19
34003	297	182	61.28	115	38.72
34004	222	132	59.46	90	40.54
34005	253	162	64.03	91	35.97
34006	350	227	64.86	123	35.14
34007	322	206	63.98	116	36.02
34008	219	122	55.71	97	44.29
34009	226	126	55.75	100	44.25
34010	301	171	56.81	130	43.19
34011	223	138	61.88	85	38.12
34012	312	194	62.18	118	37.82
34013	298	172	57.72	126	42.28
34014	220	125	56.82	95	43.18
34015	202	124	61.39	78	38.61
34016	228	140	61.40	88	38.60
34017	350	221	63.14	129	36.86
34018	204	121	59.31	83	40.69
34019	274	169	61.68	105	38.32
34020	360	251	69.72	109	30.28
34021	375	251	66.93	124	33.07
34022	290	194	66.90	96	33.10
34023	236	146	61.86	90	38.14
34024	235	145	61.70	90	38.30
34025	339	232	68.44	107	31.56
34026	290	169	58.28	121	41.72
34027	231	136	58.87	95	41.13
34028	187	119	63.64	68	36.36
34029	220	121	55.00	99	45.00
34030	304	176	57.89	128	42.11
34031	219	149	68.04	70	31.96
34032	264	177	67.05	87	32.95
34033	223	127	56.95	96	43.05
34034	301	173	57.48	128	42.52
34035	292	169	57.88	123	42.12
34036	275	153	55.64	122	44.36
34037	165	99	60.00	66	40.00
34038	167	111	66.47	56	33.53
34039	221	122	55.20	99	44.80
34040	305	183	60.00	122	40.00
34041	200	118	59.00	82	41.00
34042	315	191	60.63	124	39.37
34043	286	170	59.44	116	40.56
34044	280	177	63.21	103	36.79
34045	311	200	64.31	111	35.69
34046	190	116	61.05	74	38.95
34047	235	173	73.62	62	26.38
34048	325	199	61.23	126	38.77
34049	355	201	56.62	154	43.38
34050	224	124	55.36	100	44.64
34051	317	184	58.04	133	41.96
34052	231	147	63.64	84	36.36
34053	180	117	65.00	63	35.00
35001	293	99	33.79	194	66.21
35002	349	131	37.54	218	62.46
35003	237	75	31.65	162	68.35
35004	311	132	42.44	179	57.56
35005	256	74	28.91	182	71.09
35006	254	81	31.89	173	68.11
35007	257	56	21.79	201	78.21
35008	242	59	24.38	183	75.62
35009	302	122	40.40	180	59.60
35010	334	107	32.04	227	67.96
35011	307	91	29.64	216	70.36
35012	194	44	22.68	150	77.32
35013	191	45	23.56	146	76.44
35014	225	62	27.56	163	72.44
35015	322	76	23.60	246	76.40
35016	197	47	23.86	150	76.14
35017	270	118	43.70	152	56.30
35018	239	77	32.22	162	67.78
35019	179	51	28.49	128	71.51
35020	220	78	35.45	142	64.55
35021	244	78	31.97	166	68.03
35022	292	123	42.12	169	57.88
35023	272	118	43.38	154	56.62
35024	251	81	32.27	170	67.73
35025	284	112	39.44	172	60.56
35026	235	94	40.00	141	60.00
35027	230	97	42.17	133	57.83
35028	272	98	36.03	174	63.97
35029	218	80	36.70	138	63.30
35030	273	124	45.42	149	54.58
35031	321	139	43.30	182	56.70
36001	278	126	45.32	152	54.68
36002	293	92	31.40	201	68.60
36003	289	102	35.29	187	64.71
36004	289	109	37.72	180	62.28
36005	293	108	36.86	185	63.14
36006	239	88	36.82	151	63.18
36007	384	227	59.11	157	40.89
36008	247	51	20.65	196	79.35
36009	249	66	26.51	183	73.49
36010	297	98	33.00	199	67.00
36011	214	82	38.32	132	61.68
36012	167	46	27.54	121	72.46
36013	194	49	25.26	145	74.74
36014	300	145	48.33	155	51.67
36015	337	180	53.41	157	46.59
36016	318	154	48.43	164	51.57
36017	343	181	52.77	162	47.23
36018	309	175	56.63	134	43.37
36019	318	135	42.45	183	57.55
36020	284	139	48.94	145	51.06
36021	230	75	32.61	155	67.39
36022	217	46	21.20	171	78.80
36023	243	73	30.04	170	69.96
36024	338	170	50.30	168	49.70
36025	242	64	26.45	178	73.55
36026	270	170	62.96	100	37.04
36027	272	117	43.01	155	56.99
36028	265	127	47.92	138	52.08
36029	361	181	50.14	180	49.86
36030	318	175	55.03	143	44.97
37001	229	154	67.25	75	32.75
37002	176	73	41.48	103	58.52
37003	168	103	61.31	65	38.69
37004	220	131	59.55	89	40.45
37005	296	188	63.51	108	36.49
37006	265	154	58.11	111	41.89
37007	192	102	53.13	90	46.88
37008	193	98	50.78	95	49.22
37009	248	150	60.48	98	39.52
37010	315	171	54.29	144	45.71
37011	173	115	66.47	58	33.53
37012	191	91	47.64	100	52.36
37013	192	115	59.90	77	40.10
37014	265	172	64.91	93	35.09
37015	287	191	66.55	96	33.45
37016	268	152	56.72	116	43.28
37017	216	150	69.44	66	30.56
37018	264	150	56.82	114	43.18
37019	189	85	44.97	104	55.03
37020	209	119	56.94	90	43.06
37021	240	133	55.42	107	44.58
37022	240	111	46.25	129	53.75
37023	271	167	61.62	104	38.38
37024	279	178	63.80	101	36.20
37025	257	159	61.87	98	38.13
37026	337	203	60.24	134	39.76
37027	270	146	54.07	124	45.93
37028	206	109	52.91	97	47.09
37029	279	151	54.12	128	45.88
37030	241	128	53.11	113	46.89
37031	292	172	58.90	120	41.10
37032	250	138	55.20	112	44.80
37033	273	165	60.44	108	39.56
37034	259	165	63.71	94	36.29
37035	279	187	67.03	92	32.97
37036	213	142	66.67	71	33.33
37037	267	169	63.30	98	36.70
37038	304	164	53.95	140	46.05
37039	229	124	54.15	105	45.85
37040	295	185	62.71	110	37.29
37041	323	183	56.66	140	43.34
38001	274	155	56.57	119	43.43
38002	390	253	64.87	137	35.13
38003	310	191	61.61	119	38.39
38004	327	203	62.08	124	37.92
38005	320	181	56.56	139	43.44
38006	304	163	53.62	141	46.38
38007	327	213	65.14	114	34.86
38008	287	171	59.58	116	40.42
38009	348	202	58.05	146	41.95
38010	255	134	52.55	121	47.45
38011	288	169	58.68	119	41.32
38012	326	221	67.79	105	32.21
38013	339	187	55.16	152	44.84
38014	320	185	57.81	135	42.19
38015	273	163	59.71	110	40.29
38016	334	201	60.18	133	39.82
38017	338	194	57.40	144	42.60
38018	329	220	66.87	109	33.13
38019	375	285	76.00	90	24.00
38020	297	186	62.63	111	37.37
38021	238	136	57.14	102	42.86
38022	294	174	59.18	120	40.82
38023	336	203	60.42	133	39.58
38024	375	239	63.73	136	36.27
38025	244	149	61.07	95	38.93
38026	342	229	66.96	113	33.04
38027	318	200	62.89	118	37.11
38028	377	239	63.40	138	36.60
38029	295	170	57.63	125	42.37
38030	297	174	58.59	123	41.41
38031	302	162	53.64	140	46.36
38032	277	166	59.93	111	40.07
38033	285	147	51.58	138	48.42
38034	277	152	54.87	125	45.13
38035	292	155	53.08	137	46.92
38036	267	168	62.92	99	37.08
38037	325	156	48.00	169	52.00
38038	257	154	59.92	103	40.08
38039	353	197	55.81	156	44.19
38040	307	197	64.17	110	35.83
38041	319	204	63.95	115	36.05
39001	306	196	64.05	110	35.95
39002	405	284	70.12	121	29.88
39003	317	194	61.20	123	38.80
39004	319	203	63.64	116	36.36
39005	312	161	51.60	151	48.40
39006	287	134	46.69	153	53.31
39007	273	128	46.89	145	53.11
39008	334	133	39.82	201	60.18
39009	302	180	59.60	122	40.40
39010	150	77	51.33	73	48.67
39011	271	158	58.30	113	41.70
39012	339	161	47.49	178	52.51
39013	279	162	58.06	117	41.94
39014	255	152	59.61	103	40.39
39015	356	250	70.22	106	29.78
39016	223	94	42.15	129	57.85
39017	341	191	56.01	150	43.99
39018	306	155	50.65	151	49.35
39019	307	166	54.07	141	45.93
39020	368	244	66.30	124	33.70
39021	300	193	64.33	107	35.67
39022	229	95	41.48	134	58.52
39023	378	243	64.29	135	35.71
39024	417	251	60.19	166	39.81
39025	226	114	50.44	112	49.56
39026	317	188	59.31	129	40.69
39027	72	48	66.67	24	33.33
39028	357	193	54.06	164	45.94
39029	136	76	55.88	60	44.12
39030	328	151	46.04	177	53.96
39031	250	117	46.80	133	53.20
39032	308	182	59.09	126	40.91
39033	307	177	57.65	130	42.35
39034	288	164	56.94	124	43.06
39035	305	136	44.59	169	55.41
39036	121	83	68.60	38	31.40
39037	351	247	70.37	104	29.63
39038	211	155	73.46	56	26.54
39039	199	109	54.77	90	45.23
39040	269	170	63.20	99	36.80
39041	372	243	65.32	129	34.68
39042	359	250	69.64	109	30.36
39043	376	240	63.83	136	36.17
39044	259	187	72.20	72	27.80
39045	348	236	67.82	112	32.18
40001	265	146	55.09	119	44.91
40002	284	143	50.35	141	49.65
40003	353	187	52.97	166	47.03
40004	229	127	55.46	102	44.54
40005	329	182	55.32	147	44.68
40006	349	148	42.41	201	57.59
40007	342	192	56.14	150	43.86
40008	365	179	49.04	186	50.96
40009	257	161	62.65	96	37.35
40010	336	173	51.49	163	48.51
40011	341	195	57.18	146	42.82
40012	213	128	60.09	85	39.91
40013	395	178	45.06	217	54.94
40014	255	145	56.86	110	43.14
40015	274	155	56.57	119	43.43
40016	351	190	54.13	161	45.87
40017	297	167	56.23	130	43.77
40018	231	99	42.86	132	57.14
40019	396	213	53.79	183	46.21
40020	276	159	57.61	117	42.39
40021	357	202	56.58	155	43.42
40022	281	147	52.31	134	47.69
40023	380	197	51.84	183	48.16
40024	263	142	53.99	121	46.01
40025	346	202	58.38	144	41.62
40026	346	179	51.73	167	48.27
40027	402	184	45.77	218	54.23
40028	328	147	44.82	181	55.18
40029	356	226	63.48	130	36.52
40030	365	253	69.32	112	30.68
40031	358	177	49.44	181	50.56
40032	365	197	53.97	168	46.03
40033	333	168	50.45	165	49.55
40034	286	161	56.29	125	43.71
40035	210	119	56.67	91	43.33
40036	307	183	59.61	124	40.39
40037	324	155	47.84	169	52.16
40038	376	180	47.87	196	52.13
40039	95	42	44.21	53	55.79
41001	384	234	60.94	150	39.06
41002	442	285	64.48	157	35.52
41003	340	193	56.76	147	43.24
41004	478	308	64.44	170	35.56
41005	428	275	64.25	153	35.75
41006	500	372	74.40	128	25.60
41007	470	326	69.36	144	30.64
41008	425	255	60.00	170	40.00
41009	391	220	56.27	171	43.73
41010	467	320	68.52	147	31.48
41011	445	271	60.90	174	39.10
41012	387	238	61.50	149	38.50
41013	444	266	59.91	178	40.09
41014	477	352	73.79	125	26.21
41015	477	298	62.47	179	37.53
41016	373	223	59.79	150	40.21
41017	415	284	68.43	131	31.57
41018	374	232	62.03	142	37.97
41019	438	290	66.21	148	33.79
41020	329	218	66.26	111	33.74
41021	390	276	70.77	114	29.23
41022	426	253	59.39	173	40.61
41023	420	281	66.90	139	33.10
41024	369	228	61.79	141	38.21
41025	203	117	57.64	86	42.36
41026	425	255	60.00	170	40.00
41027	276	184	66.67	92	33.33
41028	263	152	57.79	111	42.21
41029	214	150	70.09	64	29.91
41030	402	236	58.71	166	41.29
41031	456	325	71.27	131	28.73
41032	314	199	63.38	115	36.62
41033	354	213	60.17	141	39.83
41034	353	231	65.44	122	34.56
41035	457	285	62.36	172	37.64
41036	396	242	61.11	154	38.89
41037	438	273	62.33	165	37.67
41038	349	195	55.87	154	44.13
41039	416	275	66.11	141	33.89
41040	466	299	64.16	167	35.84
41041	428	282	65.89	146	34.11
41042	419	269	64.20	150	35.80
41043	413	269	65.13	144	34.87
41044	455	321	70.55	134	29.45
41045	343	200	58.31	143	41.69
41046	446	282	63.23	164	36.77
41047	398	255	64.07	143	35.93
42001	419	383	91.41	36	8.59
42002	262	202	77.10	60	22.90
42003	256	199	77.73	57	22.27
42004	463	388	83.80	75	16.20
42005	251	235	93.63	16	6.37
42006	447	341	76.29	106	23.71
42007	436	385	88.30	51	11.70
42008	347	289	83.29	58	16.71
42009	315	245	77.78	70	22.22
42010	287	242	84.32	45	15.68
42011	283	226	79.86	57	20.14
42012	312	271	86.86	41	13.14
42013	430	338	78.60	92	21.40
42014	298	268	89.93	30	10.07
42015	234	209	89.32	25	10.68
42016	303	238	78.55	65	21.45
42017	329	300	91.19	29	8.81
42018	248	210	84.68	38	15.32
42019	433	393	90.76	40	9.24
42020	239	209	87.45	30	12.55
42021	247	194	78.54	53	21.46
42022	181	167	92.27	14	7.73
42023	310	280	90.32	30	9.68
42024	371	318	85.71	53	14.29
42025	345	289	83.77	56	16.23
42026	348	300	86.21	48	13.79
42027	294	220	74.83	74	25.17
42028	424	333	78.54	91	21.46
42029	301	265	88.04	36	11.96
42030	369	328	88.89	41	11.11
42031	329	293	89.06	36	10.94
42032	255	227	89.02	28	10.98
42033	312	245	78.53	67	21.47
42034	401	369	92.02	32	7.98
42035	421	347	82.42	74	17.58
42036	338	285	84.32	53	15.68
42037	200	185	92.50	15	7.50
42038	295	264	89.49	31	10.51
42039	260	226	86.92	34	13.08
42040	320	280	87.50	40	12.50
42041	286	228	79.72	58	20.28
42042	346	290	83.82	56	16.18
43001	215	166	77.21	49	22.79
43002	349	301	86.25	48	13.75
43003	411	365	88.81	46	11.19
43004	345	310	89.86	35	10.14
43005	269	238	88.48	31	11.52
43006	253	204	80.63	49	19.37
43007	258	208	80.62	50	19.38
43008	296	241	81.42	55	18.58
43009	434	355	81.80	79	18.20
43010	406	348	85.71	58	14.29
43011	287	245	85.37	42	14.63
43012	220	187	85.00	33	15.00
43013	317	241	76.03	76	23.97
43014	403	364	90.32	39	9.68
43015	341	280	82.11	61	17.89
43016	321	264	82.24	57	17.76
43017	289	255	88.24	34	11.76
43018	382	329	86.13	53	13.87
43019	385	316	82.08	69	17.92
43020	393	307	78.12	86	21.88
43021	382	296	77.49	86	22.51
43022	205	157	76.59	48	23.41
43023	186	151	81.18	35	18.82
43024	246	203	82.52	43	17.48
43025	307	252	82.08	55	17.92
43026	285	248	87.02	37	12.98
43027	337	286	84.87	51	15.13
43028	428	374	87.38	54	12.62
43029	321	244	76.01	77	23.99
43030	354	286	80.79	68	19.21
43031	391	307	78.52	84	21.48
43032	353	298	84.42	55	15.58
43033	429	389	90.68	40	9.32
43034	276	224	81.16	52	18.84
43035	447	399	89.26	48	10.74
43036	120	74	61.67	46	38.33
43037	284	231	81.34	53	18.66
43038	399	373	93.48	26	6.52
43039	272	196	72.06	76	27.94
43040	194	134	69.07	60	30.93
43041	459	379	82.57	80	17.43
43042	312	248	79.49	64	20.51
43043	461	409	88.72	52	11.28
43044	337	288	85.46	49	14.54
43045	250	212	84.80	38	15.20
43046	180	153	85.00	27	15.00
44001	524	388	74.05	136	25.95
44002	317	251	79.18	66	20.82
44003	320	269	84.06	51	15.94
44004	410	334	81.46	76	18.54
44005	278	185	66.55	93	33.45
44006	311	247	79.42	64	20.58
44007	306	256	83.66	50	16.34
44008	361	262	72.58	99	27.42
44009	272	213	78.31	59	21.69
44010	279	226	81.00	53	19.00
44011	301	232	77.08	69	22.92
44012	372	281	75.54	91	24.46
44013	246	212	86.18	34	13.82
44014	268	216	80.60	52	19.40
44015	334	246	73.65	88	26.35
44016	336	257	76.49	79	23.51
44017	411	314	76.40	97	23.60
44018	314	245	78.03	69	21.97
44019	401	289	72.07	112	27.93
44020	216	140	64.81	76	35.19
44021	298	232	77.85	66	22.15
44022	371	287	77.36	84	22.64
44023	284	213	75.00	71	25.00
44024	323	243	75.23	80	24.77
44025	296	230	77.70	66	22.30
44026	280	202	72.14	78	27.86
44027	358	273	76.26	85	23.74
44028	320	228	71.25	92	28.75
44029	304	225	74.01	79	25.99
44030	325	241	74.15	84	25.85
44031	243	188	77.37	55	22.63
44032	330	244	73.94	86	26.06
44033	255	176	69.02	79	30.98
44034	364	268	73.63	96	26.37
44035	444	355	79.95	89	20.05
44036	286	222	77.62	64	22.38
44037	339	244	71.98	95	28.02
44038	268	212	79.10	56	20.90
44039	278	229	82.37	49	17.63
44040	300	230	76.67	70	23.33
44041	340	258	75.88	82	24.12
45001	261	140	53.64	121	46.36
45002	283	151	53.36	132	46.64
45003	294	176	59.86	118	40.14
45004	408	229	56.13	179	43.87
45005	378	236	62.43	142	37.57
45006	445	281	63.15	164	36.85
45007	484	281	58.06	203	41.94
45008	328	164	50.00	164	50.00
45009	330	169	51.21	161	48.79
45010	389	188	48.33	201	51.67
45011	258	117	45.35	141	54.65
45012	320	164	51.25	156	48.75
45013	351	193	54.99	158	45.01
45014	424	262	61.79	162	38.21
45015	470	268	57.02	202	42.98
45016	318	194	61.01	124	38.99
45017	376	235	62.50	141	37.50
45018	356	209	58.71	147	41.29
45019	174	112	64.37	62	35.63
45020	221	126	57.01	95	42.99
45021	333	206	61.86	127	38.14
45022	324	201	62.04	123	37.96
45023	360	223	61.94	137	38.06
45024	325	192	59.08	133	40.92
45025	285	173	60.70	112	39.30
45026	191	113	59.16	78	40.84
45027	315	187	59.37	128	40.63
45028	274	167	60.95	107	39.05
45029	226	141	62.39	85	37.61
45030	305	183	60.00	122	40.00
45031	289	182	62.98	107	37.02
45032	321	187	58.26	134	41.74
45033	236	150	63.56	86	36.44
45034	369	220	59.62	149	40.38
45035	422	257	60.90	165	39.10
45036	400	240	60.00	160	40.00
45037	325	201	61.85	124	38.15
45038	288	173	60.07	115	39.93
45039	324	197	60.80	127	39.20
45040	363	238	65.56	125	34.44
45041	339	207	61.06	132	38.94
45042	399	254	63.66	145	36.34
45043	427	250	58.55	177	41.45
45044	378	245	64.81	133	35.19
45045	243	140	57.61	103	42.39
45046	263	158	60.08	105	39.92
45047	284	164	57.75	120	42.25
45048	292	197	67.47	95	32.53
46001	311	174	55.95	137	44.05
46002	329	207	62.92	122	37.08
46003	457	353	77.24	104	22.76
46004	367	235	64.03	132	35.97
46005	297	221	74.41	76	25.59
46006	315	184	58.41	131	41.59
46007	492	352	71.54	140	28.46
46008	282	149	52.84	133	47.16
46009	324	218	67.28	106	32.72
46010	329	233	70.82	96	29.18
46011	322	218	67.70	104	32.30
46012	318	177	55.66	141	44.34
46013	317	218	68.77	99	31.23
46014	428	217	50.70	211	49.30
46015	347	252	72.62	95	27.38
46016	357	201	56.30	156	43.70
46017	432	310	71.76	122	28.24
46018	311	219	70.42	92	29.58
46019	263	198	75.29	65	24.71
46020	351	200	56.98	151	43.02
46021	226	135	59.73	91	40.27
46022	289	115	39.79	174	60.21
46023	284	175	61.62	109	38.38
46024	376	283	75.27	93	24.73
46025	350	185	52.86	165	47.14
46026	280	166	59.29	114	40.71
46027	329	213	64.74	116	35.26
46028	421	309	73.40	112	26.60
46029	304	208	68.42	96	31.58
46030	334	191	57.19	143	42.81
46031	292	197	67.47	95	32.53
46032	416	214	51.44	202	48.56
46033	358	283	79.05	75	20.95
46034	346	221	63.87	125	36.13
46035	410	266	64.88	144	35.12
46036	364	273	75.00	91	25.00
46037	247	159	64.37	88	35.63
46038	299	180	60.20	119	39.80
46039	316	249	78.80	67	21.20
46040	297	165	55.56	132	44.44
47001	191	133	69.63	58	30.37
47002	418	290	69.38	128	30.62
47003	460	352	76.52	108	23.48
47004	398	272	68.34	126	31.66
47005	340	222	65.29	118	34.71
47006	326	237	72.70	89	27.30
47007	304	183	60.20	121	39.80
47008	400	291	72.75	109	27.25
47009	260	160	61.54	100	38.46
47010	336	190	56.55	146	43.45
47011	276	210	76.09	66	23.91
47012	360	221	61.39	139	38.61
47013	328	178	54.27	150	45.73
47014	321	218	67.91	103	32.09
47015	350	142	40.57	208	59.43
47016	383	235	61.36	148	38.64
47017	317	201	63.41	116	36.59
47018	345	251	72.75	94	27.25
47019	357	185	51.82	172	48.18
47020	355	202	56.90	153	43.10
47021	301	181	60.13	120	39.87
47022	386	229	59.33	157	40.67
47023	357	179	50.14	178	49.86
47024	307	204	66.45	103	33.55
47025	345	222	64.35	123	35.65
47026	360	193	53.61	167	46.39
47027	282	184	65.25	98	34.75
47028	351	217	61.82	134	38.18
47029	333	223	66.97	110	33.03
47030	351	202	57.55	149	42.45
47031	317	161	50.79	156	49.21
47032	357	199	55.74	158	44.26
47033	343	272	79.30	71	20.70
47034	403	253	62.78	150	37.22
47035	318	221	69.50	97	30.50
47036	359	207	57.66	152	42.34
47037	361	223	61.77	138	38.23
47038	318	201	63.21	117	36.79
47039	370	252	68.11	118	31.89
47040	372	229	61.56	143	38.44
47041	401	246	61.35	155	38.65
47042	289	133	46.02	156	53.98
47043	305	213	69.84	92	30.16
47044	355	267	75.21	88	24.79
47045	359	215	59.89	144	40.11
47046	329	197	59.88	132	40.12
47047	344	231	67.15	113	32.85
47048	51	42	82.35	9	17.65
48001	300	149	49.67	151	50.33
48002	203	142	69.95	61	30.05
48003	328	179	54.57	149	45.43
48004	301	187	62.13	114	37.87
48005	250	160	64.00	90	36.00
48006	348	215	61.78	133	38.22
48007	333	184	55.26	149	44.74
48008	276	184	66.67	92	33.33
48009	275	187	68.00	88	32.00
48010	427	225	52.69	202	47.31
48011	303	179	59.08	124	40.92
48012	371	229	61.73	142	38.27
48013	470	313	66.60	157	33.40
48014	228	160	70.18	68	29.82
48015	207	128	61.84	79	38.16
48016	302	156	51.66	146	48.34
48017	326	188	57.67	138	42.33
48018	314	213	67.83	101	32.17
48019	260	156	60.00	104	40.00
48020	369	175	47.43	194	52.57
48021	378	219	57.94	159	42.06
48022	372	253	68.01	119	31.99
48023	461	280	60.74	181	39.26
48024	345	205	59.42	140	40.58
48025	345	201	58.26	144	41.74
48026	184	112	60.87	72	39.13
48027	276	151	54.71	125	45.29
48028	423	293	69.27	130	30.73
48029	233	184	78.97	49	21.03
48030	292	153	52.40	139	47.60
48031	359	183	50.97	176	49.03
48032	258	125	48.45	133	51.55
48033	253	194	76.68	59	23.32
48034	308	162	52.60	146	47.40
48035	274	184	67.15	90	32.85
48036	265	180	67.92	85	32.08
48037	306	137	44.77	169	55.23
48038	390	250	64.10	140	35.90
48039	317	205	64.67	112	35.33
48040	287	143	49.83	144	50.17
48041	296	150	50.68	146	49.32
48042	327	160	48.93	167	51.07
48043	357	209	58.54	148	41.46
48044	366	197	53.83	169	46.17
48045	220	111	50.45	109	49.55
48046	243	153	62.96	90	37.04
49001	189	102	53.97	87	46.03
49002	220	111	50.45	109	49.55
49003	361	168	46.54	193	53.46
49004	355	147	41.41	208	58.59
49005	368	203	55.16	165	44.84
49006	264	122	46.21	142	53.79
49007	288	148	51.39	140	48.61
49008	266	143	53.76	123	46.24
49009	311	147	47.27	164	52.73
49010	347	153	44.09	194	55.91
49011	380	175	46.05	205	53.95
49012	398	177	44.47	221	55.53
49013	405	194	47.90	211	52.10
49014	306	177	57.84	129	42.16
49015	228	107	46.93	121	53.07
49016	350	204	58.29	146	41.71
49017	277	153	55.23	124	44.77
49018	420	178	42.38	242	57.62
49019	272	134	49.26	138	50.74
49020	456	200	43.86	256	56.14
49021	225	125	55.56	100	44.44
49022	368	168	45.65	200	54.35
49023	324	131	40.43	193	59.57
49024	252	132	52.38	120	47.62
49025	376	174	46.28	202	53.72
49026	384	193	50.26	191	49.74
49027	335	141	42.09	194	57.91
49028	338	149	44.08	189	55.92
49029	352	152	43.18	200	56.82
49030	322	154	47.83	168	52.17
49031	256	160	62.50	96	37.50
49032	325	180	55.38	145	44.62
49033	280	125	44.64	155	55.36
50001	323	245	75.85	78	24.15
50002	180	117	65.00	63	35.00
50003	279	194	69.53	85	30.47
50004	316	182	57.59	134	42.41
50005	264	192	72.73	72	27.27
50006	311	172	55.31	139	44.69
50007	369	194	52.57	175	47.43
50008	263	134	50.95	129	49.05
50009	248	132	53.23	116	46.77
50010	317	220	69.40	97	30.60
50011	252	207	82.14	45	17.86
50012	158	134	84.81	24	15.19
50013	243	99	40.74	144	59.26
50014	106	81	76.42	25	23.58
50015	365	204	55.89	161	44.11
50016	123	97	78.86	26	21.14
50017	226	134	59.29	92	40.71
50018	88	82	93.18	6	6.82
50019	200	71	35.50	129	64.50
50020	318	129	40.57	189	59.43
50021	234	120	51.28	114	48.72
50022	249	169	67.87	80	32.13
50023	241	158	65.56	83	34.44
50024	320	246	76.88	74	23.13
50025	320	239	74.69	81	25.31
50026	272	131	48.16	141	51.84
50027	88	73	82.95	15	17.05
50028	313	154	49.20	159	50.80
50029	218	91	41.74	127	58.26
50030	209	106	50.72	103	49.28
50031	286	131	45.80	155	54.20
50032	256	123	48.05	133	51.95
50033	282	224	79.43	58	20.57
50034	386	235	60.88	151	39.12
50035	329	167	50.76	162	49.24
50036	281	148	52.67	133	47.33
50037	281	159	56.58	122	43.42
50038	170	131	77.06	39	22.94
50039	209	146	69.86	63	30.14
50040	368	278	75.54	90	24.46
