Precinct	Votes	votes|Melissa Conyears-Ervin	pct|Melissa Conyears-Ervin	votes|Ameya Pawar	pct|Ameya Pawar
01001	235	81	34.47	154	65.53
01002	201	76	37.81	125	62.19
01003	259	85	32.82	174	67.18
01004	263	89	33.84	174	66.16
01005	232	78	33.62	154	66.38
01006	219	101	46.12	118	53.88
01007	190	67	35.26	123	64.74
01008	230	125	54.35	105	45.65
01009	218	104	47.71	114	52.29
01010	232	91	39.22	141	60.78
01011	254	75	29.53	179	70.47
01012	308	125	40.58	183	59.42
01013	122	49	40.16	73	59.84
01014	242	89	36.78	153	63.22
01015	210	71	33.81	139	66.19
01016	285	99	34.74	186	65.26
01017	258	90	34.88	168	65.12
01018	256	89	34.77	167	65.23
01019	292	116	39.73	176	60.27
01020	192	80	41.67	112	58.33
01021	260	99	38.08	161	61.92
01022	162	72	44.44	90	55.56
01023	358	106	29.61	252	70.39
01024	204	109	53.43	95	46.57
01025	221	84	38.01	137	61.99
01026	164	72	43.90	92	56.10
01027	244	92	37.70	152	62.30
01028	82	64	78.05	18	21.95
01029	316	117	37.03	199	62.97
01030	247	105	42.51	142	57.49
01031	248	117	47.18	131	52.82
01032	253	89	35.18	164	64.82
01033	288	109	37.85	179	62.15
01034	206	57	27.67	149	72.33
01035	315	122	38.73	193	61.27
01036	254	80	31.50	174	68.50
01037	259	91	35.14	168	64.86
01038	223	100	44.84	123	55.16
01039	206	75	36.41	131	63.59
01040	252	117	46.43	135	53.57
01041	169	62	36.69	107	63.31
01042	92	39	42.39	53	57.61
01043	171	72	42.11	99	57.89
01044	206	74	35.92	132	64.08
02001	234	91	38.89	143	61.11
02002	228	91	39.91	137	60.09
02003	259	73	28.19	186	71.81
02004	189	67	35.45	122	64.55
02005	273	92	33.70	181	66.30
02006	185	57	30.81	128	69.19
02007	233	105	45.06	128	54.94
02008	247	93	37.65	154	62.35
02009	210	89	42.38	121	57.62
02010	288	135	46.88	153	53.13
02011	334	136	40.72	198	59.28
02012	287	150	52.26	137	47.74
02013	291	112	38.49	179	61.51
02014	333	129	38.74	204	61.26
02015	254	99	38.98	155	61.02
02016	216	89	41.20	127	58.80
02017	365	145	39.73	220	60.27
02018	252	116	46.03	136	53.97
02019	261	103	39.46	158	60.54
02020	217	76	35.02	141	64.98
02021	287	97	33.80	190	66.20
02022	316	107	33.86	209	66.14
02023	248	97	39.11	151	60.89
02024	260	123	47.31	137	52.69
02025	264	105	39.77	159	60.23
02026	216	98	45.37	118	54.63
02027	235	115	48.94	120	51.06
02028	254	94	37.01	160	62.99
02029	221	104	47.06	117	52.94
02030	221	82	37.10	139	62.90
02031	397	158	39.80	239	60.20
02032	162	73	45.06	89	54.94
02033	438	179	40.87	259	59.13
02034	281	111	39.50	170	60.50
02035	238	100	42.02	138	57.98
02036	257	119	46.30	138	53.70
02037	277	127	45.85	150	54.15
02038	254	105	41.34	149	58.66
02039	182	100	54.95	82	45.05
02040	258	137	53.10	121	46.90
02041	202	96	47.52	106	52.48
02042	219	108	49.32	111	50.68
02043	318	143	44.97	175	55.03
02044	191	93	48.69	98	51.31
02045	295	159	53.90	136	46.10
02046	139	51	36.69	88	63.31
03001	389	323	83.03	66	16.97
03002	436	370	84.86	66	15.14
03003	302	220	72.85	82	27.15
03004	370	305	82.43	65	17.57
03005	169	138	81.66	31	18.34
03006	365	166	45.48	199	54.52
03007	243	208	85.60	35	14.40
03008	227	197	86.78	30	13.22
03009	324	265	81.79	59	18.21
03010	119	100	84.03	19	15.97
03011	296	238	80.41	58	19.59
03012	367	303	82.56	64	17.44
03013	388	164	42.27	224	57.73
03014	305	159	52.13	146	47.87
03015	255	217	85.10	38	14.90
03016	262	225	85.88	37	14.12
03017	327	199	60.86	128	39.14
03018	387	293	75.71	94	24.29
03019	336	178	52.98	158	47.02
03020	312	240	76.92	72	23.08
03021	367	229	62.40	138	37.60
03022	335	156	46.57	179	53.43
03023	222	185	83.33	37	16.67
03024	271	220	81.18	51	18.82
03025	503	231	45.92	272	54.08
03026	431	208	48.26	223	51.74
03027	352	173	49.15	179	50.85
03028	254	211	83.07	43	16.93
03029	306	252	82.35	54	17.65
03030	281	237	84.34	44	15.66
03031	376	318	84.57	58	15.43
03032	325	179	55.08	146	44.92
03033	312	147	47.12	165	52.88
03034	344	182	52.91	162	47.09
03035	136	99	72.79	37	27.21
03036	142	116	81.69	26	18.31
03037	248	208	83.87	40	16.13
03038	313	256	81.79	57	18.21
03039	411	167	40.63	244	59.37
03040	251	173	68.92	78	31.08
03041	300	218	72.67	82	27.33
04001	406	191	47.04	215	52.96
04002	372	185	49.73	187	50.27
04003	255	217	85.10	38	14.90
04004	460	381	82.83	79	17.17
04005	384	298	77.60	86	22.40
04006	414	336	81.16	78	18.84
04007	469	372	79.32	97	20.68
04008	394	312	79.19	82	20.81
04009	468	397	84.83	71	15.17
04010	410	302	73.66	108	26.34
04011	309	263	85.11	46	14.89
04012	360	305	84.72	55	15.28
04013	236	94	39.83	142	60.17
04014	355	286	80.56	69	19.44
04015	402	319	79.35	83	20.65
04016	399	164	41.10	235	58.90
04017	365	138	37.81	227	62.19
04018	383	318	83.03	65	16.97
04019	218	175	80.28	43	19.72
04020	299	144	48.16	155	51.84
04021	304	137	45.07	167	54.93
04022	359	194	54.04	165	45.96
04023	450	236	52.44	214	47.56
04024	313	205	65.50	108	34.50
04025	364	145	39.84	219	60.16
04026	325	270	83.08	55	16.92
04027	403	215	53.35	188	46.65
04028	308	249	80.84	59	19.16
04029	303	238	78.55	65	21.45
04030	379	311	82.06	68	17.94
04031	439	341	77.68	98	22.32
04032	349	278	79.66	71	20.34
04033	341	238	69.79	103	30.21
04034	298	228	76.51	70	23.49
04035	390	317	81.28	73	18.72
04036	394	296	75.13	98	24.87
04037	442	211	47.74	231	52.26
04038	351	273	77.78	78	22.22
05001	252	215	85.32	37	14.68
05002	208	176	84.62	32	15.38
05003	334	142	42.51	192	57.49
05004	402	256	63.68	146	36.32
05005	290	229	78.97	61	21.03
05006	260	217	83.46	43	16.54
05007	341	237	69.50	104	30.50
05008	355	121	34.08	234	65.92
05009	420	259	61.67	161	38.33
05010	235	198	84.26	37	15.74
05011	388	195	50.26	193	49.74
05012	205	179	87.32	26	12.68
05013	256	210	82.03	46	17.97
05014	304	243	79.93	61	20.07
05015	298	189	63.42	109	36.58
05016	269	221	82.16	48	17.84
05017	265	204	76.98	61	23.02
05018	310	163	52.58	147	47.42
05019	344	139	40.41	205	59.59
05020	391	250	63.94	141	36.06
05021	331	156	47.13	175	52.87
05022	434	251	57.83	183	42.17
05023	563	261	46.36	302	53.64
05024	368	181	49.18	187	50.82
05025	327	234	71.56	93	28.44
05026	337	273	81.01	64	18.99
05027	308	90	29.22	218	70.78
05028	375	304	81.07	71	18.93
05029	352	275	78.13	77	21.88
05030	217	189	87.10	28	12.90
05031	234	199	85.04	35	14.96
05032	434	359	82.72	75	17.28
05033	345	288	83.48	57	16.52
05034	370	111	30.00	259	70.00
05035	424	183	43.16	241	56.84
05036	203	166	81.77	37	18.23
05037	422	197	46.68	225	53.32
05038	287	241	83.97	46	16.03
05039	272	118	43.38	154	56.62
05040	256	213	83.20	43	16.80
05041	226	148	65.49	78	34.51
06001	317	287	90.54	30	9.46
06002	295	252	85.42	43	14.58
06003	319	291	91.22	28	8.78
06004	196	160	81.63	36	18.37
06005	157	139	88.54	18	11.46
06006	319	285	89.34	34	10.66
06007	234	201	85.90	33	14.10
06008	307	265	86.32	42	13.68
06009	222	189	85.14	33	14.86
06010	147	128	87.07	19	12.93
06011	234	204	87.18	30	12.82
06012	155	126	81.29	29	18.71
06013	224	192	85.71	32	14.29
06014	254	219	86.22	35	13.78
06015	191	160	83.77	31	16.23
06016	314	279	88.85	35	11.15
06017	161	134	83.23	27	16.77
06018	166	131	78.92	35	21.08
06019	242	211	87.19	31	12.81
06020	142	116	81.69	26	18.31
06021	119	102	85.71	17	14.29
06022	150	129	86.00	21	14.00
06023	128	111	86.72	17	13.28
06024	139	116	83.45	23	16.55
06025	129	110	85.27	19	14.73
06026	158	133	84.18	25	15.82
06027	152	128	84.21	24	15.79
06028	119	110	92.44	9	7.56
06029	326	283	86.81	43	13.19
06030	200	173	86.50	27	13.50
06031	306	270	88.24	36	11.76
06032	253	215	84.98	38	15.02
06033	276	245	88.77	31	11.23
06034	262	235	89.69	27	10.31
06035	249	221	88.76	28	11.24
06036	336	299	88.99	37	11.01
06037	322	279	86.65	43	13.35
06038	308	270	87.66	38	12.34
06039	217	187	86.18	30	13.82
06040	259	220	84.94	39	15.06
06041	278	249	89.57	29	10.43
06042	259	219	84.56	40	15.44
06043	228	201	88.16	27	11.84
06044	241	214	88.80	27	11.20
06045	296	269	90.88	27	9.12
06046	184	154	83.70	30	16.30
06047	177	150	84.75	27	15.25
06048	270	237	87.78	33	12.22
07001	209	181	86.60	28	13.40
07002	210	181	86.19	29	13.81
07003	278	252	90.65	26	9.35
07004	256	226	88.28	30	11.72
07005	241	197	81.74	44	18.26
07006	337	283	83.98	54	16.02
07007	198	172	86.87	26	13.13
07008	221	178	80.54	43	19.46
07009	416	344	82.69	72	17.31
07010	290	247	85.17	43	14.83
07011	213	183	85.92	30	14.08
07012	226	203	89.82	23	10.18
07013	163	143	87.73	20	12.27
07014	242	197	81.40	45	18.60
07015	237	206	86.92	31	13.08
07016	150	135	90.00	15	10.00
07017	183	154	84.15	29	15.85
07018	214	172	80.37	42	19.63
07019	228	198	86.84	30	13.16
07020	156	130	83.33	26	16.67
07021	154	126	81.82	28	18.18
07022	189	149	78.84	40	21.16
07023	258	222	86.05	36	13.95
07024	185	157	84.86	28	15.14
07025	156	120	76.92	36	23.08
07026	190	173	91.05	17	8.95
07027	195	173	88.72	22	11.28
07028	162	127	78.40	35	21.60
07029	192	175	91.15	17	8.85
07030	158	124	78.48	34	21.52
07031	140	114	81.43	26	18.57
07032	369	319	86.45	50	13.55
07033	368	320	86.96	48	13.04
07034	314	276	87.90	38	12.10
07035	221	188	85.07	33	14.93
07036	297	255	85.86	42	14.14
07037	272	244	89.71	28	10.29
07038	194	161	82.99	33	17.01
07039	227	196	86.34	31	13.66
07040	218	194	88.99	24	11.01
07041	216	178	82.41	38	17.59
07042	198	174	87.88	24	12.12
07043	216	190	87.96	26	12.04
07044	178	160	89.89	18	10.11
07045	172	156	90.70	16	9.30
07046	117	101	86.32	16	13.68
08001	244	196	80.33	48	19.67
08002	222	183	82.43	39	17.57
08003	340	308	90.59	32	9.41
08004	328	274	83.54	54	16.46
08005	327	289	88.38	38	11.62
08006	251	230	91.63	21	8.37
08007	336	291	86.61	45	13.39
08008	296	262	88.51	34	11.49
08009	190	175	92.11	15	7.89
08010	364	313	85.99	51	14.01
08011	224	196	87.50	28	12.50
08012	218	203	93.12	15	6.88
08013	289	248	85.81	41	14.19
08014	166	131	78.92	35	21.08
08015	229	203	88.65	26	11.35
08016	74	67	90.54	7	9.46
08017	231	204	88.31	27	11.69
08018	178	161	90.45	17	9.55
08019	310	277	89.35	33	10.65
08020	328	291	88.72	37	11.28
08021	318	286	89.94	32	10.06
08022	239	208	87.03	31	12.97
08023	200	176	88.00	24	12.00
08024	163	130	79.75	33	20.25
08025	244	218	89.34	26	10.66
08026	216	179	82.87	37	17.13
08027	306	260	84.97	46	15.03
08028	264	230	87.12	34	12.88
08029	289	256	88.58	33	11.42
08030	276	248	89.86	28	10.14
08031	200	179	89.50	21	10.50
08032	197	177	89.85	20	10.15
08033	252	220	87.30	32	12.70
08034	264	235	89.02	29	10.98
08035	291	249	85.57	42	14.43
08036	296	255	86.15	41	13.85
08037	235	206	87.66	29	12.34
08038	160	145	90.63	15	9.38
08039	279	243	87.10	36	12.90
08040	201	163	81.09	38	18.91
08041	277	234	84.48	43	15.52
08042	319	275	86.21	44	13.79
08043	142	127	89.44	15	10.56
08044	177	158	89.27	19	10.73
08045	209	172	82.30	37	17.70
08046	182	166	91.21	16	8.79
08047	195	172	88.21	23	11.79
08048	219	173	79.00	46	21.00
08049	260	228	87.69	32	12.31
08050	279	250	89.61	29	10.39
08051	317	284	89.59	33	10.41
08052	344	313	90.99	31	9.01
08053	137	118	86.13	19	13.87
08054	187	156	83.42	31	16.58
08055	239	207	86.61	32	13.39
08056	269	239	88.85	30	11.15
09001	232	204	87.93	28	12.07
09002	192	171	89.06	21	10.94
09003	124	108	87.10	16	12.90
09004	186	167	89.78	19	10.22
09005	251	218	86.85	33	13.15
09006	224	201	89.73	23	10.27
09007	174	155	89.08	19	10.92
09008	201	167	83.08	34	16.92
09009	286	252	88.11	34	11.89
09010	172	144	83.72	28	16.28
09011	169	151	89.35	18	10.65
09012	289	255	88.24	34	11.76
09013	304	272	89.47	32	10.53
09014	313	281	89.78	32	10.22
09015	169	140	82.84	29	17.16
09016	214	190	88.79	24	11.21
09017	154	133	86.36	21	13.64
09018	177	163	92.09	14	7.91
09019	215	194	90.23	21	9.77
09020	245	218	88.98	27	11.02
09021	204	186	91.18	18	8.82
09022	260	227	87.31	33	12.69
09023	311	269	86.50	42	13.50
09024	272	239	87.87	33	12.13
09025	257	227	88.33	30	11.67
09026	179	146	81.56	33	18.44
09027	194	173	89.18	21	10.82
09028	101	71	70.30	30	29.70
09029	194	165	85.05	29	14.95
09030	170	156	91.76	14	8.24
09031	175	150	85.71	25	14.29
09032	245	220	89.80	25	10.20
09033	167	144	86.23	23	13.77
09034	177	151	85.31	26	14.69
09035	242	213	88.02	29	11.98
09036	191	167	87.43	24	12.57
09037	356	218	61.24	138	38.76
09038	218	182	83.49	36	16.51
09039	245	220	89.80	25	10.20
09040	289	264	91.35	25	8.65
09041	179	157	87.71	22	12.29
09042	278	237	85.25	41	14.75
09043	185	155	83.78	30	16.22
09044	207	189	91.30	18	8.70
09045	179	158	88.27	21	11.73
09046	238	185	77.73	53	22.27
09047	308	275	89.29	33	10.71
09048	292	257	88.01	35	11.99
09049	277	239	86.28	38	13.72
09050	370	336	90.81	34	9.19
09051	260	234	90.00	26	10.00
10001	208	163	78.37	45	21.63
10002	236	138	58.47	98	41.53
10003	236	154	65.25	82	34.75
10004	144	97	67.36	47	32.64
10005	183	102	55.74	81	44.26
10006	138	75	54.35	63	45.65
10007	121	72	59.50	49	40.50
10008	75	64	85.33	11	14.67
10009	221	146	66.06	75	33.94
10010	214	111	51.87	103	48.13
10011	181	98	54.14	83	45.86
10012	116	63	54.31	53	45.69
10013	170	119	70.00	51	30.00
10014	218	116	53.21	102	46.79
10015	456	395	86.62	61	13.38
10016	156	98	62.82	58	37.18
10017	295	175	59.32	120	40.68
10018	107	91	85.05	16	14.95
10019	215	118	54.88	97	45.12
10020	236	144	61.02	92	38.98
10021	176	94	53.41	82	46.59
10022	100	54	54.00	46	46.00
10023	146	86	58.90	60	41.10
10024	204	135	66.18	69	33.82
10025	65	49	75.38	16	24.62
10026	109	69	63.30	40	36.70
10027	159	117	73.58	42	26.42
10028	185	104	56.22	81	43.78
10029	139	87	62.59	52	37.41
10030	146	82	56.16	64	43.84
10031	128	63	49.22	65	50.78
10032	169	86	50.89	83	49.11
10033	120	71	59.17	49	40.83
10034	121	97	80.17	24	19.83
10035	246	134	54.47	112	45.53
10036	55	38	69.09	17	30.91
11001	270	167	61.85	103	38.15
11002	17	12	70.59	5	29.41
11003	210	76	36.19	134	63.81
11004	197	110	55.84	87	44.16
11005	297	143	48.15	154	51.85
11006	365	184	50.41	181	49.59
11007	205	109	53.17	96	46.83
11008	221	107	48.42	114	51.58
11009	202	114	56.44	88	43.56
11010	213	105	49.30	108	50.70
11011	253	138	54.55	115	45.45
11012	412	257	62.38	155	37.62
11013	326	239	73.31	87	26.69
11014	171	88	51.46	83	48.54
11015	111	71	63.96	40	36.04
11016	165	108	65.45	57	34.55
11017	310	151	48.71	159	51.29
11018	217	133	61.29	84	38.71
11019	296	129	43.58	167	56.42
11020	190	110	57.89	80	42.11
11021	381	233	61.15	148	38.85
11022	281	133	47.33	148	52.67
11023	171	102	59.65	69	40.35
11024	344	244	70.93	100	29.07
11025	338	158	46.75	180	53.25
11026	323	189	58.51	134	41.49
11027	74	31	41.89	43	58.11
11028	119	76	63.87	43	36.13
11029	316	210	66.46	106	33.54
11030	109	64	58.72	45	41.28
11031	279	155	55.56	124	44.44
11032	136	75	55.15	61	44.85
11033	275	137	49.82	138	50.18
11034	114	85	74.56	29	25.44
11035	75	47	62.67	28	37.33
11036	95	51	53.68	44	46.32
11037	77	45	58.44	32	41.56
11038	114	55	48.25	59	51.75
12001	206	94	45.63	112	54.37
12002	137	87	63.50	50	36.50
12003	287	121	42.16	166	57.84
12004	205	99	48.29	106	51.71
12005	191	108	56.54	83	43.46
12006	176	87	49.43	89	50.57
12007	130	66	50.77	64	49.23
12008	223	116	52.02	107	47.98
12009	158	82	51.90	76	48.10
12010	170	89	52.35	81	47.65
12011	158	91	57.59	67	42.41
12012	154	97	62.99	57	37.01
12013	187	112	59.89	75	40.11
12014	138	72	52.17	66	47.83
12015	138	80	57.97	58	42.03
12016	93	58	62.37	35	37.63
12017	167	66	39.52	101	60.48
12018	144	73	50.69	71	49.31
12019	187	94	50.27	93	49.73
12020	153	83	54.25	70	45.75
12021	189	94	49.74	95	50.26
12022	128	57	44.53	71	55.47
12023	201	106	52.74	95	47.26
13001	190	123	64.74	67	35.26
13002	183	112	61.20	71	38.80
13003	97	50	51.55	47	48.45
13004	202	126	62.38	76	37.62
13005	173	104	60.12	69	39.88
13006	226	141	62.39	85	37.61
13007	107	82	76.64	25	23.36
13008	149	88	59.06	61	40.94
13009	161	99	61.49	62	38.51
13010	206	123	59.71	83	40.29
13011	194	132	68.04	62	31.96
13012	157	97	61.78	60	38.22
13013	198	129	65.15	69	34.85
13014	140	84	60.00	56	40.00
13015	219	142	64.84	77	35.16
13016	101	60	59.41	41	40.59
13017	173	121	69.94	52	30.06
13018	164	111	67.68	53	32.32
13019	131	88	67.18	43	32.82
13020	149	111	74.50	38	25.50
13021	252	154	61.11	98	38.89
13022	221	132	59.73	89	40.27
13023	117	69	58.97	48	41.03
13024	145	93	64.14	52	35.86
13025	157	91	57.96	66	42.04
13026	157	104	66.24	53	33.76
13027	187	126	67.38	61	32.62
13028	118	85	72.03	33	27.97
13029	130	84	64.62	46	35.38
13030	101	65	64.36	36	35.64
13031	226	148	65.49	78	34.51
13032	189	114	60.32	75	39.68
13033	214	156	72.90	58	27.10
13034	160	105	65.63	55	34.38
13035	153	102	66.67	51	33.33
13036	97	65	67.01	32	32.99
13037	237	156	65.82	81	34.18
13038	187	139	74.33	48	25.67
13039	155	101	65.16	54	34.84
13040	166	115	69.28	51	30.72
13041	170	112	65.88	58	34.12
13042	207	145	70.05	62	29.95
13043	186	119	63.98	67	36.02
13044	137	88	64.23	49	35.77
13045	209	154	73.68	55	26.32
13046	181	111	61.33	70	38.67
13047	145	97	66.90	48	33.10
13048	181	107	59.12	74	40.88
14001	317	228	71.92	89	28.08
14002	220	137	62.27	83	37.73
14003	132	82	62.12	50	37.88
14004	209	135	64.59	74	35.41
14005	167	107	64.07	60	35.93
14006	62	37	59.68	25	40.32
14007	180	114	63.33	66	36.67
14008	166	93	56.02	73	43.98
14009	296	174	58.78	122	41.22
14010	96	57	59.38	39	40.63
14011	75	35	46.67	40	53.33
14012	174	94	54.02	80	45.98
14013	141	87	61.70	54	38.30
14014	114	63	55.26	51	44.74
14015	133	74	55.64	59	44.36
14016	128	54	42.19	74	57.81
14017	125	75	60.00	50	40.00
14018	71	47	66.20	24	33.80
14019	124	89	71.77	35	28.23
14020	85	47	55.29	38	44.71
14021	116	62	53.45	54	46.55
14022	222	140	63.06	82	36.94
14023	158	99	62.66	59	37.34
14024	286	173	60.49	113	39.51
14025	80	55	68.75	25	31.25
14026	108	60	55.56	48	44.44
14027	155	97	62.58	58	37.42
14028	104	65	62.50	39	37.50
14029	130	89	68.46	41	31.54
14030	68	40	58.82	28	41.18
14031	82	47	57.32	35	42.68
15001	262	139	53.05	123	46.95
15002	156	133	85.26	23	14.74
15003	165	149	90.30	16	9.70
15004	235	136	57.87	99	42.13
15005	236	143	60.59	93	39.41
15006	243	133	54.73	110	45.27
15007	179	147	82.12	32	17.88
15008	225	143	63.56	82	36.44
15009	299	197	65.89	102	34.11
15010	313	174	55.59	139	44.41
15011	263	163	61.98	100	38.02
15012	281	167	59.43	114	40.57
15013	226	135	59.73	91	40.27
15014	194	105	54.12	89	45.88
15015	174	102	58.62	72	41.38
15016	278	199	71.58	79	28.42
15017	185	161	87.03	24	12.97
15018	136	118	86.76	18	13.24
15019	202	145	71.78	57	28.22
15020	189	176	93.12	13	6.88
15021	156	140	89.74	16	10.26
15022	167	153	91.62	14	8.38
15023	174	157	90.23	17	9.77
15024	160	142	88.75	18	11.25
16001	182	112	61.54	70	38.46
16002	171	150	87.72	21	12.28
16003	149	138	92.62	11	7.38
16004	164	140	85.37	24	14.63
16005	106	97	91.51	9	8.49
16006	175	153	87.43	22	12.57
16007	165	137	83.03	28	16.97
16008	96	74	77.08	22	22.92
16009	177	161	90.96	16	9.04
16010	161	145	90.06	16	9.94
16011	148	103	69.59	45	30.41
16012	129	108	83.72	21	16.28
16013	108	81	75.00	27	25.00
16014	148	128	86.49	20	13.51
16015	193	173	89.64	20	10.36
16016	185	156	84.32	29	15.68
16017	126	93	73.81	33	26.19
16018	188	159	84.57	29	15.43
16019	157	134	85.35	23	14.65
16020	127	106	83.46	21	16.54
16021	154	132	85.71	22	14.29
16022	138	120	86.96	18	13.04
16023	135	101	74.81	34	25.19
16024	110	91	82.73	19	17.27
16025	213	181	84.98	32	15.02
16026	177	156	88.14	21	11.86
16027	140	118	84.29	22	15.71
16028	211	182	86.26	29	13.74
16029	155	136	87.74	19	12.26
16030	143	113	79.02	30	20.98
16031	198	174	87.88	24	12.12
16032	127	79	62.20	48	37.80
16033	160	145	90.63	15	9.38
16034	150	129	86.00	21	14.00
16035	172	127	73.84	45	26.16
16036	123	109	88.62	14	11.38
17001	164	106	64.63	58	35.37
17002	207	188	90.82	19	9.18
17003	212	185	87.26	27	12.74
17004	279	242	86.74	37	13.26
17005	161	137	85.09	24	14.91
17006	159	135	84.91	24	15.09
17007	123	90	73.17	33	26.83
17008	171	149	87.13	22	12.87
17009	175	157	89.71	18	10.29
17010	289	245	84.78	44	15.22
17011	150	129	86.00	21	14.00
17012	212	149	70.28	63	29.72
17013	198	176	88.89	22	11.11
17014	213	160	75.12	53	24.88
17015	221	192	86.88	29	13.12
17016	156	123	78.85	33	21.15
17017	192	166	86.46	26	13.54
17018	270	235	87.04	35	12.96
17019	107	95	88.79	12	11.21
17020	274	246	89.78	28	10.22
17021	321	283	88.16	38	11.84
17022	194	158	81.44	36	18.56
17023	132	117	88.64	15	11.36
17024	256	230	89.84	26	10.16
17025	133	112	84.21	21	15.79
17026	233	213	91.42	20	8.58
17027	192	170	88.54	22	11.46
17028	166	138	83.13	28	16.87
17029	208	188	90.38	20	9.62
17030	112	87	77.68	25	22.32
17031	133	106	79.70	27	20.30
17032	150	126	84.00	24	16.00
17033	134	116	86.57	18	13.43
17034	153	134	87.58	19	12.42
17035	160	135	84.38	25	15.63
17036	216	183	84.72	33	15.28
17037	186	169	90.86	17	9.14
17038	182	159	87.36	23	12.64
17039	223	183	82.06	40	17.94
17040	243	221	90.95	22	9.05
17041	282	256	90.78	26	9.22
18001	193	179	92.75	14	7.25
18002	150	112	74.67	38	25.33
18003	199	146	73.37	53	26.63
18004	282	242	85.82	40	14.18
18005	148	136	91.89	12	8.11
18006	206	133	64.56	73	35.44
18007	214	187	87.38	27	12.62
18008	280	253	90.36	27	9.64
18009	253	224	88.54	29	11.46
18010	351	318	90.60	33	9.40
18011	184	155	84.24	29	15.76
18012	247	213	86.23	34	13.77
18013	250	219	87.60	31	12.40
18014	270	241	89.26	29	10.74
18015	222	176	79.28	46	20.72
18016	229	203	88.65	26	11.35
18017	206	174	84.47	32	15.53
18018	248	217	87.50	31	12.50
18019	237	218	91.98	19	8.02
18020	190	172	90.53	18	9.47
18021	313	268	85.62	45	14.38
18022	333	289	86.79	44	13.21
18023	220	183	83.18	37	16.82
18024	166	112	67.47	54	32.53
18025	194	127	65.46	67	34.54
18026	318	290	91.19	28	8.81
18027	176	151	85.80	25	14.20
18028	212	159	75.00	53	25.00
18029	268	223	83.21	45	16.79
18030	184	125	67.93	59	32.07
18031	240	206	85.83	34	14.17
18032	257	234	91.05	23	8.95
18033	195	176	90.26	19	9.74
18034	341	306	89.74	35	10.26
18035	322	288	89.44	34	10.56
18036	225	189	84.00	36	16.00
18037	279	241	86.38	38	13.62
18038	248	225	90.73	23	9.27
18039	156	134	85.90	22	14.10
18040	235	165	70.21	70	29.79
18041	308	266	86.36	42	13.64
18042	160	140	87.50	20	12.50
18043	134	89	66.42	45	33.58
18044	195	145	74.36	50	25.64
18045	151	117	77.48	34	22.52
18046	195	138	70.77	57	29.23
18047	156	129	82.69	27	17.31
18048	189	170	89.95	19	10.05
18049	132	113	85.61	19	14.39
18050	174	141	81.03	33	18.97
19001	297	177	59.60	120	40.40
19002	449	324	72.16	125	27.84
19003	255	197	77.25	58	22.75
19004	349	241	69.05	108	30.95
19005	367	248	67.57	119	32.43
19006	329	218	66.26	111	33.74
19007	280	172	61.43	108	38.57
19008	313	226	72.20	87	27.80
19009	248	165	66.53	83	33.47
19010	389	216	55.53	173	44.47
19011	288	205	71.18	83	28.82
19012	247	192	77.73	55	22.27
19013	368	312	84.78	56	15.22
19014	354	213	60.17	141	39.83
19015	378	247	65.34	131	34.66
19016	337	250	74.18	87	25.82
19017	277	169	61.01	108	38.99
19018	320	188	58.75	132	41.25
19019	405	243	60.00	162	40.00
19020	295	222	75.25	73	24.75
19021	280	186	66.43	94	33.57
19022	359	192	53.48	167	46.52
19023	337	212	62.91	125	37.09
19024	237	160	67.51	77	32.49
19025	302	164	54.30	138	45.70
19026	316	157	49.68	159	50.32
19027	335	237	70.75	98	29.25
19028	354	289	81.64	65	18.36
19029	297	210	70.71	87	29.29
19030	280	185	66.07	95	33.93
19031	306	161	52.61	145	47.39
19032	291	188	64.60	103	35.40
19033	292	201	68.84	91	31.16
19034	296	155	52.36	141	47.64
19035	303	177	58.42	126	41.58
19036	396	293	73.99	103	26.01
19037	329	212	64.44	117	35.56
19038	290	208	71.72	82	28.28
19039	92	73	79.35	19	20.65
19040	322	200	62.11	122	37.89
19041	288	188	65.28	100	34.72
19042	257	174	67.70	83	32.30
19043	386	305	79.02	81	20.98
19044	318	213	66.98	105	33.02
19045	309	206	66.67	103	33.33
19046	352	225	63.92	127	36.08
19047	479	365	76.20	114	23.80
19048	335	281	83.88	54	16.12
19049	413	299	72.40	114	27.60
19050	266	182	68.42	84	31.58
19051	357	210	58.82	147	41.18
19052	315	217	68.89	98	31.11
19053	272	169	62.13	103	37.87
19054	241	176	73.03	65	26.97
19055	253	194	76.68	59	23.32
19056	366	216	59.02	150	40.98
19057	266	160	60.15	106	39.85
20001	262	223	85.11	39	14.89
20002	102	92	90.20	10	9.80
20003	203	174	85.71	29	14.29
20004	106	79	74.53	27	25.47
20005	252	197	78.17	55	21.83
20006	105	87	82.86	18	17.14
20007	219	182	83.11	37	16.89
20008	250	208	83.20	42	16.80
20009	370	287	77.57	83	22.43
20010	157	128	81.53	29	18.47
20011	308	256	83.12	52	16.88
20012	165	140	84.85	25	15.15
20013	287	243	84.67	44	15.33
20014	139	108	77.70	31	22.30
20015	144	87	60.42	57	39.58
20016	279	204	73.12	75	26.88
20017	128	89	69.53	39	30.47
20018	161	131	81.37	30	18.63
20019	237	188	79.32	49	20.68
20020	112	68	60.71	44	39.29
20021	170	139	81.76	31	18.24
20022	359	276	76.88	83	23.12
20023	243	202	83.13	41	16.87
20024	283	184	65.02	99	34.98
20025	183	152	83.06	31	16.94
20026	248	172	69.35	76	30.65
20027	128	109	85.16	19	14.84
20028	160	136	85.00	24	15.00
20029	285	234	82.11	51	17.89
20030	105	84	80.00	21	20.00
20031	270	216	80.00	54	20.00
20032	214	184	85.98	30	14.02
20033	155	130	83.87	25	16.13
20034	336	195	58.04	141	41.96
20035	113	92	81.42	21	18.58
20036	69	61	88.41	8	11.59
20037	64	54	84.38	10	15.63
20038	83	74	89.16	9	10.84
20039	18	18	100.00	0	0
21001	279	235	84.23	44	15.77
21002	165	147	89.09	18	10.91
21003	280	251	89.64	29	10.36
21004	244	207	84.84	37	15.16
21005	317	272	85.80	45	14.20
21006	208	180	86.54	28	13.46
21007	287	259	90.24	28	9.76
21008	268	242	90.30	26	9.70
21009	299	272	90.97	27	9.03
21010	211	186	88.15	25	11.85
21011	236	208	88.14	28	11.86
21012	234	206	88.03	28	11.97
21013	244	215	88.11	29	11.89
21014	292	267	91.44	25	8.56
21015	220	183	83.18	37	16.82
21016	237	205	86.50	32	13.50
21017	220	177	80.45	43	19.55
21018	296	271	91.55	25	8.45
21019	265	231	87.17	34	12.83
21020	212	185	87.26	27	12.74
21021	203	179	88.18	24	11.82
21022	219	202	92.24	17	7.76
21023	241	222	92.12	19	7.88
21024	263	238	90.49	25	9.51
21025	242	217	89.67	25	10.33
21026	241	209	86.72	32	13.28
21027	247	220	89.07	27	10.93
21028	307	271	88.27	36	11.73
21029	306	272	88.89	34	11.11
21030	193	171	88.60	22	11.40
21031	210	182	86.67	28	13.33
21032	246	222	90.24	24	9.76
21033	207	185	89.37	22	10.63
21034	235	216	91.91	19	8.09
21035	330	291	88.18	39	11.82
21036	240	206	85.83	34	14.17
21037	199	171	85.93	28	14.07
21038	234	205	87.61	29	12.39
21039	194	172	88.66	22	11.34
21040	232	200	86.21	32	13.79
21041	292	254	86.99	38	13.01
21042	290	256	88.28	34	11.72
21043	255	227	89.02	28	10.98
21044	267	235	88.01	32	11.99
21045	229	220	96.07	9	3.93
21046	276	252	91.30	24	8.70
21047	225	203	90.22	22	9.78
21048	241	208	86.31	33	13.69
21049	287	256	89.20	31	10.80
21050	193	163	84.46	30	15.54
21051	249	224	89.96	25	10.04
21052	242	218	90.08	24	9.92
21053	219	187	85.39	32	14.61
21054	246	205	83.33	41	16.67
22001	123	110	89.43	13	10.57
22002	210	118	56.19	92	43.81
22003	181	109	60.22	72	39.78
22004	103	69	66.99	34	33.01
22005	130	77	59.23	53	40.77
22006	124	66	53.23	58	46.77
22007	98	55	56.12	43	43.88
22008	251	169	67.33	82	32.67
22009	107	55	51.40	52	48.60
22010	167	93	55.69	74	44.31
22011	111	65	58.56	46	41.44
22012	169	108	63.91	61	36.09
22013	128	72	56.25	56	43.75
22014	122	71	58.20	51	41.80
22015	94	57	60.64	37	39.36
22016	94	47	50.00	47	50.00
22017	162	79	48.77	83	51.23
22018	101	51	50.50	50	49.50
22019	75	55	73.33	20	26.67
22020	110	63	57.27	47	42.73
22021	213	182	85.45	31	14.55
22022	105	50	47.62	55	52.38
22023	281	251	89.32	30	10.68
22024	167	104	62.28	63	37.72
22025	132	66	50.00	66	50.00
23001	214	126	58.88	88	41.12
23002	233	153	65.67	80	34.33
23003	204	117	57.35	87	42.65
23004	237	147	62.03	90	37.97
23005	144	83	57.64	61	42.36
23006	182	126	69.23	56	30.77
23007	138	98	71.01	40	28.99
23008	196	108	55.10	88	44.90
23009	115	65	56.52	50	43.48
23010	161	94	58.39	67	41.61
23011	151	94	62.25	57	37.75
23012	223	137	61.43	86	38.57
23013	111	56	50.45	55	49.55
23014	194	132	68.04	62	31.96
23015	103	72	69.90	31	30.10
23016	233	160	68.67	73	31.33
23017	90	47	52.22	43	47.78
23018	187	121	64.71	66	35.29
23019	118	77	65.25	41	34.75
23020	61	44	72.13	17	27.87
23021	248	169	68.15	79	31.85
23022	212	129	60.85	83	39.15
23023	213	130	61.03	83	38.97
23024	111	59	53.15	52	46.85
23025	135	80	59.26	55	40.74
23026	153	91	59.48	62	40.52
23027	214	125	58.41	89	41.59
23028	205	110	53.66	95	46.34
23029	187	121	64.71	66	35.29
23030	163	77	47.24	86	52.76
23031	122	76	62.30	46	37.70
23032	117	72	61.54	45	38.46
23033	124	75	60.48	49	39.52
23034	116	66	56.90	50	43.10
23035	163	95	58.28	68	41.72
23036	231	154	66.67	77	33.33
23037	224	136	60.71	88	39.29
23038	194	124	63.92	70	36.08
23039	158	92	58.23	66	41.77
24001	163	150	92.02	13	7.98
24002	172	158	91.86	14	8.14
24003	174	151	86.78	23	13.22
24004	128	120	93.75	8	6.25
24005	88	78	88.64	10	11.36
24006	202	177	87.62	25	12.38
24007	102	46	45.10	56	54.90
24008	86	76	88.37	10	11.63
24009	137	108	78.83	29	21.17
24010	80	68	85.00	12	15.00
24011	178	157	88.20	21	11.80
24012	117	103	88.03	14	11.97
24013	96	91	94.79	5	5.21
24014	138	121	87.68	17	12.32
24015	93	80	86.02	13	13.98
24016	261	173	66.28	88	33.72
24017	156	144	92.31	12	7.69
24018	213	188	88.26	25	11.74
24019	227	210	92.51	17	7.49
24020	125	115	92.00	10	8.00
24021	76	65	85.53	11	14.47
24022	210	195	92.86	15	7.14
24023	143	101	70.63	42	29.37
24024	195	167	85.64	28	14.36
24025	150	133	88.67	17	11.33
24026	282	261	92.55	21	7.45
24027	202	182	90.10	20	9.90
24028	156	135	86.54	21	13.46
24029	150	133	88.67	17	11.33
24030	102	92	90.20	10	9.80
24031	203	175	86.21	28	13.79
24032	96	87	90.63	9	9.38
24033	112	95	84.82	17	15.18
24034	160	144	90.00	16	10.00
24035	149	132	88.59	17	11.41
24036	206	181	87.86	25	12.14
24037	109	97	88.99	12	11.01
24038	182	134	73.63	48	26.37
24039	200	156	78.00	44	22.00
24040	168	146	86.90	22	13.10
24041	154	137	88.96	17	11.04
25001	268	105	39.18	163	60.82
25002	314	111	35.35	203	64.65
25003	282	124	43.97	158	56.03
25004	225	150	66.67	75	33.33
25005	352	147	41.76	205	58.24
25006	105	57	54.29	48	45.71
25007	283	126	44.52	157	55.48
25008	319	159	49.84	160	50.16
25009	269	88	32.71	181	67.29
25010	330	131	39.70	199	60.30
25011	289	120	41.52	169	58.48
25012	293	122	41.64	171	58.36
25013	310	141	45.48	169	54.52
25014	160	62	38.75	98	61.25
25015	233	106	45.49	127	54.51
25016	289	126	43.60	163	56.40
25017	326	164	50.31	162	49.69
25018	201	111	55.22	90	44.78
25019	309	122	39.48	187	60.52
25020	183	142	77.60	41	22.40
25021	387	176	45.48	211	54.52
25022	276	127	46.01	149	53.99
25023	347	157	45.24	190	54.76
25024	309	151	48.87	158	51.13
25025	272	123	45.22	149	54.78
25026	310	128	41.29	182	58.71
25027	218	77	35.32	141	64.68
25028	286	119	41.61	167	58.39
25029	254	187	73.62	67	26.38
25030	303	130	42.90	173	57.10
25031	320	134	41.88	186	58.13
25032	238	120	50.42	118	49.58
26001	186	74	39.78	112	60.22
26002	181	98	54.14	83	45.86
26003	198	74	37.37	124	62.63
26004	131	93	70.99	38	29.01
26005	183	88	48.09	95	51.91
26006	155	77	49.68	78	50.32
26007	183	74	40.44	109	59.56
26008	82	27	32.93	55	67.07
26009	140	90	64.29	50	35.71
26010	165	78	47.27	87	52.73
26011	177	96	54.24	81	45.76
26012	174	86	49.43	88	50.57
26013	88	54	61.36	34	38.64
26014	121	61	50.41	60	49.59
26015	89	62	69.66	27	30.34
26016	79	57	72.15	22	27.85
26017	167	83	49.70	84	50.30
26018	93	58	62.37	35	37.63
26019	86	70	81.40	16	18.60
26020	149	62	41.61	87	58.39
26021	199	104	52.26	95	47.74
26022	65	38	58.46	27	41.54
26023	100	52	52.00	48	48.00
26024	134	76	56.72	58	43.28
26025	149	68	45.64	81	54.36
26026	112	46	41.07	66	58.93
26027	210	99	47.14	111	52.86
26028	266	111	41.73	155	58.27
26029	112	59	52.68	53	47.32
26030	150	72	48.00	78	52.00
26031	79	50	63.29	29	36.71
26032	223	98	43.95	125	56.05
26033	188	83	44.15	105	55.85
26034	220	86	39.09	134	60.91
26035	169	88	52.07	81	47.93
26036	173	63	36.42	110	63.58
26037	173	67	38.73	106	61.27
26038	85	56	65.88	29	34.12
26039	192	68	35.42	124	64.58
26040	107	54	50.47	53	49.53
26041	162	63	38.89	99	61.11
26042	133	68	51.13	65	48.87
26043	98	52	53.06	46	46.94
26044	88	63	71.59	25	28.41
26045	73	53	72.60	20	27.40
26046	118	57	48.31	61	51.69
26047	86	52	60.47	34	39.53
26048	139	57	41.01	82	58.99
26049	85	49	57.65	36	42.35
27001	324	149	45.99	175	54.01
27002	235	144	61.28	91	38.72
27003	133	110	82.71	23	17.29
27004	127	85	66.93	42	33.07
27005	185	157	84.86	28	15.14
27006	210	123	58.57	87	41.43
27007	288	104	36.11	184	63.89
27008	160	134	83.75	26	16.25
27009	114	65	57.02	49	42.98
27010	292	245	83.90	47	16.10
27011	230	108	46.96	122	53.04
27012	140	66	47.14	74	52.86
27013	338	271	80.18	67	19.82
27014	93	85	91.40	8	8.60
27015	123	104	84.55	19	15.45
27016	201	80	39.80	121	60.20
27017	208	151	72.60	57	27.40
27018	171	135	78.95	36	21.05
27019	110	88	80.00	22	20.00
27020	146	119	81.51	27	18.49
27021	218	113	51.83	105	48.17
27022	114	102	89.47	12	10.53
27023	191	163	85.34	28	14.66
27024	138	107	77.54	31	22.46
27025	204	133	65.20	71	34.80
27026	195	152	77.95	43	22.05
27027	245	191	77.96	54	22.04
27028	167	99	59.28	68	40.72
27029	138	121	87.68	17	12.32
27030	124	106	85.48	18	14.52
27031	179	141	78.77	38	21.23
27032	198	141	71.21	57	28.79
27033	225	127	56.44	98	43.56
27034	175	150	85.71	25	14.29
27035	236	90	38.14	146	61.86
27036	178	128	71.91	50	28.09
27037	277	194	70.04	83	29.96
27038	353	244	69.12	109	30.88
27039	198	162	81.82	36	18.18
27040	285	165	57.89	120	42.11
27041	236	197	83.47	39	16.53
27042	156	107	68.59	49	31.41
27043	146	111	76.03	35	23.97
27044	147	131	89.12	16	10.88
27045	315	128	40.63	187	59.37
27046	162	63	38.89	99	61.11
27047	194	141	72.68	53	27.32
27048	319	214	67.08	105	32.92
27049	146	122	83.56	24	16.44
27050	223	189	84.75	34	15.25
28001	119	112	94.12	7	5.88
28002	192	154	80.21	38	19.79
28003	138	121	87.68	17	12.32
28004	150	75	50.00	75	50.00
28005	131	99	75.57	32	24.43
28006	133	79	59.40	54	40.60
28007	168	155	92.26	13	7.74
28008	176	82	46.59	94	53.41
28009	185	168	90.81	17	9.19
28010	235	118	50.21	117	49.79
28011	348	205	58.91	143	41.09
28012	167	147	88.02	20	11.98
28013	244	222	90.98	22	9.02
28014	168	150	89.29	18	10.71
28015	50	47	94.00	3	6.00
28016	114	103	90.35	11	9.65
28017	138	128	92.75	10	7.25
28018	170	141	82.94	29	17.06
28019	155	79	50.97	76	49.03
28020	176	137	77.84	39	22.16
28021	159	144	90.57	15	9.43
28022	160	118	73.75	42	26.25
28023	201	180	89.55	21	10.45
28024	167	147	88.02	20	11.98
28025	270	240	88.89	30	11.11
28026	184	170	92.39	14	7.61
28027	206	97	47.09	109	52.91
28028	250	110	44.00	140	56.00
28029	70	57	81.43	13	18.57
28030	30	27	90.00	3	10.00
28031	315	274	86.98	41	13.02
28032	172	138	80.23	34	19.77
28033	196	176	89.80	20	10.20
28034	287	241	83.97	46	16.03
28035	189	165	87.30	24	12.70
28036	109	98	89.91	11	10.09
28037	219	191	87.21	28	12.79
28038	74	64	86.49	10	13.51
28039	127	113	88.98	14	11.02
28040	221	201	90.95	20	9.05
28041	135	116	85.93	19	14.07
28042	170	157	92.35	13	7.65
28043	223	198	88.79	25	11.21
28044	135	123	91.11	12	8.89
28045	163	66	40.49	97	59.51
28046	342	158	46.20	184	53.80
29001	328	206	62.80	122	37.20
29002	313	271	86.58	42	13.42
29003	223	195	87.44	28	12.56
29004	275	251	91.27	24	8.73
29005	170	154	90.59	16	9.41
29006	188	164	87.23	24	12.77
29007	267	211	79.03	56	20.97
29008	161	131	81.37	30	18.63
29009	320	202	63.13	118	36.88
29010	353	222	62.89	131	37.11
29011	152	125	82.24	27	17.76
29012	305	256	83.93	49	16.07
29013	279	233	83.51	46	16.49
29014	238	210	88.24	28	11.76
29015	281	242	86.12	39	13.88
29016	228	213	93.42	15	6.58
29017	226	199	88.05	27	11.95
29018	224	199	88.84	25	11.16
29019	251	213	84.86	38	15.14
29020	252	213	84.52	39	15.48
29021	254	205	80.71	49	19.29
29022	185	142	76.76	43	23.24
29023	264	174	65.91	90	34.09
29024	215	184	85.58	31	14.42
29025	299	260	86.96	39	13.04
29026	276	214	77.54	62	22.46
29027	228	203	89.04	25	10.96
29028	280	254	90.71	26	9.29
29029	240	164	68.33	76	31.67
29030	368	271	73.64	97	26.36
29031	201	121	60.20	80	39.80
29032	186	113	60.75	73	39.25
29033	193	162	83.94	31	16.06
29034	166	115	69.28	51	30.72
29035	177	152	85.88	25	14.12
29036	212	192	90.57	20	9.43
29037	237	207	87.34	30	12.66
29038	201	114	56.72	87	43.28
29039	228	162	71.05	66	28.95
29040	282	257	91.13	25	8.87
29041	188	175	93.09	13	6.91
29042	245	222	90.61	23	9.39
29043	323	238	73.68	85	26.32
29044	299	260	86.96	39	13.04
30001	250	136	54.40	114	45.60
30002	286	179	62.59	107	37.41
30003	231	82	35.50	149	64.50
30004	245	147	60.00	98	40.00
30005	159	118	74.21	41	25.79
30006	238	160	67.23	78	32.77
30007	280	123	43.93	157	56.07
30008	320	135	42.19	185	57.81
30009	219	139	63.47	80	36.53
30010	279	179	64.16	100	35.84
30011	206	126	61.17	80	38.83
30012	221	135	61.09	86	38.91
30013	246	150	60.98	96	39.02
30014	160	99	61.88	61	38.13
30015	306	120	39.22	186	60.78
30016	140	79	56.43	61	43.57
30017	264	150	56.82	114	43.18
30018	270	126	46.67	144	53.33
30019	217	131	60.37	86	39.63
30020	278	147	52.88	131	47.12
30021	222	136	61.26	86	38.74
30022	296	138	46.62	158	53.38
30023	227	103	45.37	124	54.63
30024	315	125	39.68	190	60.32
30025	305	129	42.30	176	57.70
30026	180	104	57.78	76	42.22
30027	180	98	54.44	82	45.56
30028	278	114	41.01	164	58.99
30029	129	78	60.47	51	39.53
30030	101	65	64.36	36	35.64
30031	205	119	58.05	86	41.95
30032	209	84	40.19	125	59.81
31001	130	83	63.85	47	36.15
31002	124	65	52.42	59	47.58
31003	165	91	55.15	74	44.85
31004	242	99	40.91	143	59.09
31005	199	119	59.80	80	40.20
31006	114	76	66.67	38	33.33
31007	229	82	35.81	147	64.19
31008	126	72	57.14	54	42.86
31009	115	64	55.65	51	44.35
31010	140	76	54.29	64	45.71
31011	124	72	58.06	52	41.94
31012	160	103	64.38	57	35.63
31013	164	81	49.39	83	50.61
31014	146	93	63.70	53	36.30
31015	159	96	60.38	63	39.62
31016	210	76	36.19	134	63.81
31017	166	92	55.42	74	44.58
31018	133	85	63.91	48	36.09
31019	158	103	65.19	55	34.81
31020	121	70	57.85	51	42.15
31021	158	99	62.66	59	37.34
31022	113	70	61.95	43	38.05
31023	156	71	45.51	85	54.49
31024	190	115	60.53	75	39.47
31025	119	68	57.14	51	42.86
31026	182	103	56.59	79	43.41
31027	191	107	56.02	84	43.98
31028	117	72	61.54	45	38.46
31029	175	111	63.43	64	36.57
31030	117	59	50.43	58	49.57
31031	137	84	61.31	53	38.69
31032	109	68	62.39	41	37.61
31033	130	77	59.23	53	40.77
31034	141	67	47.52	74	52.48
31035	180	114	63.33	66	36.67
31036	210	114	54.29	96	45.71
31037	144	82	56.94	62	43.06
31038	115	72	62.61	43	37.39
31039	160	76	47.50	84	52.50
31040	172	93	54.07	79	45.93
31041	131	83	63.36	48	36.64
32001	290	126	43.45	164	56.55
32002	243	107	44.03	136	55.97
32003	324	100	30.86	224	69.14
32004	262	103	39.31	159	60.69
32005	271	110	40.59	161	59.41
32006	264	97	36.74	167	63.26
32007	260	68	26.15	192	73.85
32008	273	96	35.16	177	64.84
32009	245	100	40.82	145	59.18
32010	264	93	35.23	171	64.77
32011	276	79	28.62	197	71.38
32012	242	88	36.36	154	63.64
32013	262	102	38.93	160	61.07
32014	294	91	30.95	203	69.05
32015	257	96	37.35	161	62.65
32016	295	97	32.88	198	67.12
32017	301	113	37.54	188	62.46
32018	251	81	32.27	170	67.73
32019	252	76	30.16	176	69.84
32020	269	81	30.11	188	69.89
32021	351	88	25.07	263	74.93
32022	361	120	33.24	241	66.76
32023	278	98	35.25	180	64.75
32024	191	73	38.22	118	61.78
32025	270	75	27.78	195	72.22
32026	325	122	37.54	203	62.46
32027	268	87	32.46	181	67.54
32028	275	66	24.00	209	76.00
32029	300	99	33.00	201	67.00
32030	263	109	41.44	154	58.56
32031	276	117	42.39	159	57.61
32032	300	110	36.67	190	63.33
32033	283	112	39.58	171	60.42
32034	269	108	40.15	161	59.85
32035	237	92	38.82	145	61.18
32036	278	112	40.29	166	59.71
32037	222	82	36.94	140	63.06
32038	223	84	37.67	139	62.33
32039	314	114	36.31	200	63.69
32040	318	96	30.19	222	69.81
32041	309	127	41.10	182	58.90
32042	224	58	25.89	166	74.11
32043	260	94	36.15	166	63.85
33001	334	111	33.23	223	66.77
33002	437	151	34.55	286	65.45
33003	469	154	32.84	315	67.16
33004	458	194	42.36	264	57.64
33005	295	122	41.36	173	58.64
33006	309	147	47.57	162	52.43
33007	369	153	41.46	216	58.54
33008	587	151	25.72	436	74.28
33009	421	173	41.09	248	58.91
33010	414	160	38.65	254	61.35
33011	424	179	42.22	245	57.78
33012	358	151	42.18	207	57.82
33013	346	150	43.35	196	56.65
33014	149	53	35.57	96	64.43
33015	335	139	41.49	196	58.51
33016	463	214	46.22	249	53.78
33017	390	187	47.95	203	52.05
33018	409	150	36.67	259	63.33
33019	390	174	44.62	216	55.38
33020	427	149	34.89	278	65.11
33021	371	112	30.19	259	69.81
33022	368	156	42.39	212	57.61
33023	411	123	29.93	288	70.07
33024	601	180	29.95	421	70.05
33025	452	168	37.17	284	62.83
33026	242	79	32.64	163	67.36
33027	374	138	36.90	236	63.10
33028	309	109	35.28	200	64.72
34001	267	236	88.39	31	11.61
34002	226	190	84.07	36	15.93
34003	223	202	90.58	21	9.42
34004	154	132	85.71	22	14.29
34005	219	196	89.50	23	10.50
34006	278	249	89.57	29	10.43
34007	302	266	88.08	36	11.92
34008	185	162	87.57	23	12.43
34009	165	150	90.91	15	9.09
34010	236	210	88.98	26	11.02
34011	171	148	86.55	23	13.45
34012	266	238	89.47	28	10.53
34013	236	201	85.17	35	14.83
34014	175	143	81.71	32	18.29
34015	180	160	88.89	20	11.11
34016	202	176	87.13	26	12.87
34017	298	265	88.93	33	11.07
34018	176	149	84.66	27	15.34
34019	257	236	91.83	21	8.17
34020	311	281	90.35	30	9.65
34021	312	283	90.71	29	9.29
34022	279	254	91.04	25	8.96
34023	182	164	90.11	18	9.89
34024	194	164	84.54	30	15.46
34025	344	308	89.53	36	10.47
34026	233	205	87.98	28	12.02
34027	207	180	86.96	27	13.04
34028	130	112	86.15	18	13.85
34029	187	159	85.03	28	14.97
34030	259	238	91.89	21	8.11
34031	197	166	84.26	31	15.74
34032	211	183	86.73	28	13.27
34033	176	157	89.20	19	10.80
34034	270	248	91.85	22	8.15
34035	263	235	89.35	28	10.65
34036	251	224	89.24	27	10.76
34037	135	122	90.37	13	9.63
34038	97	93	95.88	4	4.12
34039	159	147	92.45	12	7.55
34040	240	214	89.17	26	10.83
34041	143	128	89.51	15	10.49
34042	236	210	88.98	26	11.02
34043	235	221	94.04	14	5.96
34044	258	236	91.47	22	8.53
34045	274	246	89.78	28	10.22
34046	178	151	84.83	27	15.17
34047	219	188	85.84	31	14.16
34048	281	259	92.17	22	7.83
34049	237	211	89.03	26	10.97
34050	185	164	88.65	21	11.35
34051	272	238	87.50	34	12.50
34052	215	193	89.77	22	10.23
34053	148	128	86.49	20	13.51
35001	238	81	34.03	157	65.97
35002	352	127	36.08	225	63.92
35003	182	62	34.07	120	65.93
35004	236	94	39.83	142	60.17
35005	206	78	37.86	128	62.14
35006	187	70	37.43	117	62.57
35007	237	76	32.07	161	67.93
35008	233	104	44.64	129	55.36
35009	209	95	45.45	114	54.55
35010	309	104	33.66	205	66.34
35011	261	92	35.25	169	64.75
35012	114	77	67.54	37	32.46
35013	102	58	56.86	44	43.14
35014	155	75	48.39	80	51.61
35015	260	92	35.38	168	64.62
35016	94	50	53.19	44	46.81
35017	269	106	39.41	163	60.59
35018	132	72	54.55	60	45.45
35019	109	61	55.96	48	44.04
35020	205	78	38.05	127	61.95
35021	228	108	47.37	120	52.63
35022	269	110	40.89	159	59.11
35023	260	103	39.62	157	60.38
35024	225	106	47.11	119	52.89
35025	246	83	33.74	163	66.26
35026	221	101	45.70	120	54.30
35027	184	91	49.46	93	50.54
35028	257	89	34.63	168	65.37
35029	174	97	55.75	77	44.25
35030	190	89	46.84	101	53.16
35031	261	109	41.76	152	58.24
36001	189	119	62.96	70	37.04
36002	163	114	69.94	49	30.06
36003	173	116	67.05	57	32.95
36004	157	112	71.34	45	28.66
36005	138	100	72.46	38	27.54
36006	141	102	72.34	39	27.66
36007	285	179	62.81	106	37.19
36008	121	78	64.46	43	35.54
36009	116	88	75.86	28	24.14
36010	239	148	61.92	91	38.08
36011	116	72	62.07	44	37.93
36012	82	50	60.98	32	39.02
36013	113	74	65.49	39	34.51
36014	243	156	64.20	87	35.80
36015	207	131	63.29	76	36.71
36016	220	120	54.55	100	45.45
36017	267	173	64.79	94	35.21
36018	236	134	56.78	102	43.22
36019	203	141	69.46	62	30.54
36020	227	139	61.23	88	38.77
36021	135	94	69.63	41	30.37
36022	122	69	56.56	53	43.44
36023	129	91	70.54	38	29.46
36024	183	123	67.21	60	32.79
36025	132	104	78.79	28	21.21
36026	201	127	63.18	74	36.82
36027	182	124	68.13	58	31.87
36028	180	122	67.78	58	32.22
36029	246	156	63.41	90	36.59
36030	183	113	61.75	70	38.25
37001	183	140	76.50	43	23.50
37002	122	98	80.33	24	19.67
37003	134	122	91.04	12	8.96
37004	129	113	87.60	16	12.40
37005	237	215	90.72	22	9.28
37006	210	184	87.62	26	12.38
37007	142	122	85.92	20	14.08
37008	119	97	81.51	22	18.49
37009	207	181	87.44	26	12.56
37010	220	181	82.27	39	17.73
37011	123	111	90.24	12	9.76
37012	121	89	73.55	32	26.45
37013	130	115	88.46	15	11.54
37014	199	175	87.94	24	12.06
37015	227	199	87.67	28	12.33
37016	204	177	86.76	27	13.24
37017	166	149	89.76	17	10.24
37018	193	167	86.53	26	13.47
37019	123	110	89.43	13	10.57
37020	132	118	89.39	14	10.61
37021	163	144	88.34	19	11.66
37022	166	139	83.73	27	16.27
37023	198	175	88.38	23	11.62
37024	218	187	85.78	31	14.22
37025	185	162	87.57	23	12.43
37026	273	228	83.52	45	16.48
37027	202	177	87.62	25	12.38
37028	146	130	89.04	16	10.96
37029	206	179	86.89	27	13.11
37030	176	161	91.48	15	8.52
37031	197	168	85.28	29	14.72
37032	182	157	86.26	25	13.74
37033	223	204	91.48	19	8.52
37034	191	174	91.10	17	8.90
37035	236	212	89.83	24	10.17
37036	173	148	85.55	25	14.45
37037	242	202	83.47	40	16.53
37038	243	212	87.24	31	12.76
37039	179	155	86.59	24	13.41
37040	246	226	91.87	20	8.13
37041	194	167	86.08	27	13.92
38001	215	107	49.77	108	50.23
38002	314	223	71.02	91	28.98
38003	217	143	65.90	74	34.10
38004	236	135	57.20	101	42.80
38005	199	118	59.30	81	40.70
38006	204	125	61.27	79	38.73
38007	228	145	63.60	83	36.40
38008	209	118	56.46	91	43.54
38009	281	164	58.36	117	41.64
38010	190	99	52.11	91	47.89
38011	193	99	51.30	94	48.70
38012	221	132	59.73	89	40.27
38013	254	147	57.87	107	42.13
38014	259	152	58.69	107	41.31
38015	195	105	53.85	90	46.15
38016	263	145	55.13	118	44.87
38017	298	183	61.41	115	38.59
38018	254	152	59.84	102	40.16
38019	283	182	64.31	101	35.69
38020	248	158	63.71	90	36.29
38021	196	107	54.59	89	45.41
38022	252	139	55.16	113	44.84
38023	262	136	51.91	126	48.09
38024	244	143	58.61	101	41.39
38025	189	120	63.49	69	36.51
38026	247	131	53.04	116	46.96
38027	218	131	60.09	87	39.91
38028	299	202	67.56	97	32.44
38029	196	114	58.16	82	41.84
38030	223	139	62.33	84	37.67
38031	256	129	50.39	127	49.61
38032	199	98	49.25	101	50.75
38033	197	101	51.27	96	48.73
38034	257	137	53.31	120	46.69
38035	237	128	54.01	109	45.99
38036	209	109	52.15	100	47.85
38037	234	144	61.54	90	38.46
38038	219	144	65.75	75	34.25
38039	283	162	57.24	121	42.76
38040	239	128	53.56	111	46.44
38041	259	125	48.26	134	51.74
39001	325	145	44.62	180	55.38
39002	337	188	55.79	149	44.21
39003	320	122	38.13	198	61.88
39004	330	174	52.73	156	47.27
39005	292	139	47.60	153	52.40
39006	262	127	48.47	135	51.53
39007	276	131	47.46	145	52.54
39008	313	161	51.44	152	48.56
39009	265	133	50.19	132	49.81
39010	162	63	38.89	99	61.11
39011	288	147	51.04	141	48.96
39012	320	126	39.38	194	60.63
39013	211	107	50.71	104	49.29
39014	293	136	46.42	157	53.58
39015	336	186	55.36	150	44.64
39016	168	83	49.40	85	50.60
39017	347	146	42.07	201	57.93
39018	281	108	38.43	173	61.57
39019	318	143	44.97	175	55.03
39020	397	231	58.19	166	41.81
39021	282	155	54.96	127	45.04
39022	189	61	32.28	128	67.72
39023	350	193	55.14	157	44.86
39024	439	255	58.09	184	41.91
39025	175	87	49.71	88	50.29
39026	313	158	50.48	155	49.52
39027	59	22	37.29	37	62.71
39028	413	154	37.29	259	62.71
39029	122	48	39.34	74	60.66
39030	328	119	36.28	209	63.72
39031	244	113	46.31	131	53.69
39032	234	122	52.14	112	47.86
39033	328	140	42.68	188	57.32
39034	265	127	47.92	138	52.08
39035	286	109	38.11	177	61.89
39036	81	42	51.85	39	48.15
39037	334	145	43.41	189	56.59
39038	198	77	38.89	121	61.11
39039	208	111	53.37	97	46.63
39040	304	152	50.00	152	50.00
39041	365	189	51.78	176	48.22
39042	382	188	49.21	194	50.79
39043	330	176	53.33	154	46.67
39044	290	140	48.28	150	51.72
39045	323	170	52.63	153	47.37
40001	282	132	46.81	150	53.19
40002	303	133	43.89	170	56.11
40003	418	121	28.95	297	71.05
40004	214	99	46.26	115	53.74
40005	374	126	33.69	248	66.31
40006	418	93	22.25	325	77.75
40007	382	83	21.73	299	78.27
40008	450	114	25.33	336	74.67
40009	246	154	62.60	92	37.40
40010	272	125	45.96	147	54.04
40011	400	102	25.50	298	74.50
40012	291	89	30.58	202	69.42
40013	512	123	24.02	389	75.98
40014	234	111	47.44	123	52.56
40015	295	138	46.78	157	53.22
40016	496	114	22.98	382	77.02
40017	325	112	34.46	213	65.54
40018	198	107	54.04	91	45.96
40019	376	147	39.10	229	60.90
40020	288	128	44.44	160	55.56
40021	429	151	35.20	278	64.80
40022	363	135	37.19	228	62.81
40023	466	166	35.62	300	64.38
40024	245	113	46.12	132	53.88
40025	431	124	28.77	307	71.23
40026	361	109	30.19	252	69.81
40027	423	185	43.74	238	56.26
40028	361	144	39.89	217	60.11
40029	366	162	44.26	204	55.74
40030	387	166	42.89	221	57.11
40031	408	117	28.68	291	71.32
40032	414	136	32.85	278	67.15
40033	392	127	32.40	265	67.60
40034	261	124	47.51	137	52.49
40035	195	112	57.44	83	42.56
40036	342	143	41.81	199	58.19
40037	278	124	44.60	154	55.40
40038	411	112	27.25	299	72.75
40039	77	39	50.65	38	49.35
41001	270	182	67.41	88	32.59
41002	302	203	67.22	99	32.78
41003	304	177	58.22	127	41.78
41004	330	193	58.48	137	41.52
41005	308	178	57.79	130	42.21
41006	370	182	49.19	188	50.81
41007	332	184	55.42	148	44.58
41008	325	201	61.85	124	38.15
41009	283	150	53.00	133	47.00
41010	379	206	54.35	173	45.65
41011	319	200	62.70	119	37.30
41012	280	160	57.14	120	42.86
41013	362	215	59.39	147	40.61
41014	373	174	46.65	199	53.35
41015	393	211	53.69	182	46.31
41016	292	199	68.15	93	31.85
41017	309	176	56.96	133	43.04
41018	285	187	65.61	98	34.39
41019	353	187	52.97	166	47.03
41020	231	136	58.87	95	41.13
41021	341	215	63.05	126	36.95
41022	358	214	59.78	144	40.22
41023	283	190	67.14	93	32.86
41024	255	173	67.84	82	32.16
41025	121	68	56.20	53	43.80
41026	269	157	58.36	112	41.64
41027	164	108	65.85	56	34.15
41028	181	109	60.22	72	39.78
41029	128	85	66.41	43	33.59
41030	299	176	58.86	123	41.14
41031	403	259	64.27	144	35.73
41032	241	131	54.36	110	45.64
41033	272	179	65.81	93	34.19
41034	288	182	63.19	106	36.81
41035	389	243	62.47	146	37.53
41036	310	177	57.10	133	42.90
41037	345	209	60.58	136	39.42
41038	255	162	63.53	93	36.47
41039	337	171	50.74	166	49.26
41040	335	207	61.79	128	38.21
41041	324	228	70.37	96	29.63
41042	299	175	58.53	124	41.47
41043	326	194	59.51	132	40.49
41044	329	200	60.79	129	39.21
41045	257	152	59.14	105	40.86
41046	314	175	55.73	139	44.27
41047	320	158	49.38	162	50.63
42001	300	138	46.00	162	54.00
42002	224	105	46.88	119	53.13
42003	242	104	42.98	138	57.02
42004	406	185	45.57	221	54.43
42005	219	83	37.90	136	62.10
42006	392	187	47.70	205	52.30
42007	338	138	40.83	200	59.17
42008	289	131	45.33	158	54.67
42009	268	118	44.03	150	55.97
42010	303	126	41.58	177	58.42
42011	239	113	47.28	126	52.72
42012	286	131	45.80	155	54.20
42013	362	188	51.93	174	48.07
42014	252	106	42.06	146	57.94
42015	240	115	47.92	125	52.08
42016	271	119	43.91	152	56.09
42017	305	128	41.97	177	58.03
42018	189	72	38.10	117	61.90
42019	386	165	42.75	221	57.25
42020	231	108	46.75	123	53.25
42021	229	98	42.79	131	57.21
42022	126	64	50.79	62	49.21
42023	289	123	42.56	166	57.44
42024	300	133	44.33	167	55.67
42025	271	132	48.71	139	51.29
42026	326	143	43.87	183	56.13
42027	234	106	45.30	128	54.70
42028	372	205	55.11	167	44.89
42029	266	124	46.62	142	53.38
42030	327	136	41.59	191	58.41
42031	291	128	43.99	163	56.01
42032	230	111	48.26	119	51.74
42033	313	133	42.49	180	57.51
42034	287	135	47.04	152	52.96
42035	323	153	47.37	170	52.63
42036	315	144	45.71	171	54.29
42037	185	79	42.70	106	57.30
42038	250	102	40.80	148	59.20
42039	256	112	43.75	144	56.25
42040	312	158	50.64	154	49.36
42041	247	99	40.08	148	59.92
42042	381	142	37.27	239	62.73
43001	204	94	46.08	110	53.92
43002	321	108	33.64	213	66.36
43003	314	106	33.76	208	66.24
43004	275	107	38.91	168	61.09
43005	282	104	36.88	178	63.12
43006	191	81	42.41	110	57.59
43007	220	112	50.91	108	49.09
43008	224	91	40.63	133	59.38
43009	342	148	43.27	194	56.73
43010	392	136	34.69	256	65.31
43011	232	99	42.67	133	57.33
43012	194	83	42.78	111	57.22
43013	285	131	45.96	154	54.04
43014	410	119	29.02	291	70.98
43015	295	122	41.36	173	58.64
43016	275	95	34.55	180	65.45
43017	226	84	37.17	142	62.83
43018	366	135	36.89	231	63.11
43019	326	117	35.89	209	64.11
43020	359	108	30.08	251	69.92
43021	284	112	39.44	172	60.56
43022	182	56	30.77	126	69.23
43023	181	71	39.23	110	60.77
43024	246	103	41.87	143	58.13
43025	284	98	34.51	186	65.49
43026	265	99	37.36	166	62.64
43027	331	114	34.44	217	65.56
43028	367	137	37.33	230	62.67
43029	305	111	36.39	194	63.61
43030	303	105	34.65	198	65.35
43031	328	156	47.56	172	52.44
43032	289	106	36.68	183	63.32
43033	343	141	41.11	202	58.89
43034	233	96	41.20	137	58.80
43035	352	133	37.78	219	62.22
43036	121	49	40.50	72	59.50
43037	244	74	30.33	170	69.67
43038	287	111	38.68	176	61.32
43039	215	91	42.33	124	57.67
43040	186	77	41.40	109	58.60
43041	377	125	33.16	252	66.84
43042	264	107	40.53	157	59.47
43043	317	121	38.17	196	61.83
43044	280	92	32.86	188	67.14
43045	239	85	35.56	154	64.44
43046	149	47	31.54	102	68.46
44001	470	168	35.74	302	64.26
44002	330	97	29.39	233	70.61
44003	282	100	35.46	182	64.54
44004	292	115	39.38	177	60.62
44005	302	106	35.10	196	64.90
44006	370	112	30.27	258	69.73
44007	262	113	43.13	149	56.87
44008	378	135	35.71	243	64.29
44009	279	78	27.96	201	72.04
44010	245	61	24.90	184	75.10
44011	309	104	33.66	205	66.34
44012	334	126	37.72	208	62.28
44013	218	66	30.28	152	69.72
44014	241	77	31.95	164	68.05
44015	296	95	32.09	201	67.91
44016	318	86	27.04	232	72.96
44017	433	148	34.18	285	65.82
44018	243	79	32.51	164	67.49
44019	373	117	31.37	256	68.63
44020	235	62	26.38	173	73.62
44021	308	103	33.44	205	66.56
44022	376	127	33.78	249	66.22
44023	244	79	32.38	165	67.62
44024	279	87	31.18	192	68.82
44025	289	78	26.99	211	73.01
44026	341	118	34.60	223	65.40
44027	342	99	28.95	243	71.05
44028	231	70	30.30	161	69.70
44029	284	92	32.39	192	67.61
44030	347	101	29.11	246	70.89
44031	212	68	32.08	144	67.92
44032	338	99	29.29	239	70.71
44033	284	82	28.87	202	71.13
44034	362	145	40.06	217	59.94
44035	436	179	41.06	257	58.94
44036	289	68	23.53	221	76.47
44037	329	95	28.88	234	71.12
44038	240	87	36.25	153	63.75
44039	279	89	31.90	190	68.10
44040	277	94	33.94	183	66.06
44041	341	131	38.42	210	61.58
45001	220	80	36.36	140	63.64
45002	243	79	32.51	164	67.49
45003	253	102	40.32	151	59.68
45004	343	136	39.65	207	60.35
45005	309	132	42.72	177	57.28
45006	411	151	36.74	260	63.26
45007	387	164	42.38	223	57.62
45008	248	114	45.97	134	54.03
45009	248	132	53.23	116	46.77
45010	242	137	56.61	105	43.39
45011	166	88	53.01	78	46.99
45012	242	109	45.04	133	54.96
45013	243	106	43.62	137	56.38
45014	296	156	52.70	140	47.30
45015	347	172	49.57	175	50.43
45016	256	127	49.61	129	50.39
45017	283	128	45.23	155	54.77
45018	254	137	53.94	117	46.06
45019	111	65	58.56	46	41.44
45020	164	81	49.39	83	50.61
45021	253	137	54.15	116	45.85
45022	210	118	56.19	92	43.81
45023	236	135	57.20	101	42.80
45024	230	138	60.00	92	40.00
45025	171	92	53.80	79	46.20
45026	147	88	59.86	59	40.14
45027	250	149	59.60	101	40.40
45028	210	93	44.29	117	55.71
45029	167	97	58.08	70	41.92
45030	240	124	51.67	116	48.33
45031	201	103	51.24	98	48.76
45032	210	94	44.76	116	55.24
45033	187	88	47.06	99	52.94
45034	272	129	47.43	143	52.57
45035	336	183	54.46	153	45.54
45036	301	156	51.83	145	48.17
45037	255	129	50.59	126	49.41
45038	228	138	60.53	90	39.47
45039	250	136	54.40	114	45.60
45040	267	168	62.92	99	37.08
45041	258	162	62.79	96	37.21
45042	282	173	61.35	109	38.65
45043	284	187	65.85	97	34.15
45044	318	201	63.21	117	36.79
45045	187	117	62.57	70	37.43
45046	191	109	57.07	82	42.93
45047	195	126	64.62	69	35.38
45048	236	147	62.29	89	37.71
46001	314	130	41.40	184	58.60
46002	318	101	31.76	217	68.24
46003	434	161	37.10	273	62.90
46004	357	117	32.77	240	67.23
46005	332	96	28.92	236	71.08
46006	291	122	41.92	169	58.08
46007	412	189	45.87	223	54.13
46008	241	129	53.53	112	46.47
46009	371	126	33.96	245	66.04
46010	401	126	31.42	275	68.58
46011	293	132	45.05	161	54.95
46012	390	109	27.95	281	72.05
46013	298	86	28.86	212	71.14
46014	284	154	54.23	130	45.77
46015	308	120	38.96	188	61.04
46016	413	120	29.06	293	70.94
46017	401	157	39.15	244	60.85
46018	383	159	41.51	224	58.49
46019	283	138	48.76	145	51.24
46020	296	152	51.35	144	48.65
46021	222	88	39.64	134	60.36
46022	272	113	41.54	159	58.46
46023	281	110	39.15	171	60.85
46024	390	149	38.21	241	61.79
46025	376	138	36.70	238	63.30
46026	333	100	30.03	233	69.97
46027	427	156	36.53	271	63.47
46028	394	145	36.80	249	63.20
46029	301	119	39.53	182	60.47
46030	326	139	42.64	187	57.36
46031	295	103	34.92	192	65.08
46032	393	199	50.64	194	49.36
46033	391	152	38.87	239	61.13
46034	357	114	31.93	243	68.07
46035	364	163	44.78	201	55.22
46036	348	143	41.09	205	58.91
46037	255	87	34.12	168	65.88
46038	259	99	38.22	160	61.78
46039	314	122	38.85	192	61.15
46040	321	113	35.20	208	64.80
47001	210	45	21.43	165	78.57
47002	457	111	24.29	346	75.71
47003	463	137	29.59	326	70.41
47004	424	101	23.82	323	76.18
47005	392	90	22.96	302	77.04
47006	398	110	27.64	288	72.36
47007	316	81	25.63	235	74.37
47008	424	120	28.30	304	71.70
47009	313	69	22.04	244	77.96
47010	442	96	21.72	346	78.28
47011	317	78	24.61	239	75.39
47012	473	124	26.22	349	73.78
47013	364	80	21.98	284	78.02
47014	400	120	30.00	280	70.00
47015	418	95	22.73	323	77.27
47016	427	115	26.93	312	73.07
47017	389	115	29.56	274	70.44
47018	356	96	26.97	260	73.03
47019	469	98	20.90	371	79.10
47020	370	102	27.57	268	72.43
47021	382	62	16.23	320	83.77
47022	456	108	23.68	348	76.32
47023	441	101	22.90	340	77.10
47024	385	66	17.14	319	82.86
47025	425	88	20.71	337	79.29
47026	437	102	23.34	335	76.66
47027	334	62	18.56	272	81.44
47028	401	83	20.70	318	79.30
47029	403	89	22.08	314	77.92
47030	474	124	26.16	350	73.84
47031	361	82	22.71	279	77.29
47032	472	86	18.22	386	81.78
47033	350	74	21.14	276	78.86
47034	423	94	22.22	329	77.78
47035	430	106	24.65	324	75.35
47036	434	97	22.35	337	77.65
47037	406	105	25.86	301	74.14
47038	396	81	20.45	315	79.55
47039	411	93	22.63	318	77.37
47040	442	77	17.42	365	82.58
47041	417	81	19.42	336	80.58
47042	400	69	17.25	331	82.75
47043	375	79	21.07	296	78.93
47044	306	99	32.35	207	67.65
47045	388	69	17.78	319	82.22
47046	390	118	30.26	272	69.74
47047	443	101	22.80	342	77.20
47048	39	21	53.85	18	46.15
48001	326	110	33.74	216	66.26
48002	194	53	27.32	141	72.68
48003	316	132	41.77	184	58.23
48004	320	115	35.94	205	64.06
48005	247	99	40.08	148	59.92
48006	355	152	42.82	203	57.18
48007	317	89	28.08	228	71.92
48008	198	76	38.38	122	61.62
48009	219	109	49.77	110	50.23
48010	517	153	29.59	364	70.41
48011	329	87	26.44	242	73.56
48012	415	153	36.87	262	63.13
48013	438	195	44.52	243	55.48
48014	199	116	58.29	83	41.71
48015	176	71	40.34	105	59.66
48016	310	122	39.35	188	60.65
48017	311	144	46.30	167	53.70
48018	254	147	57.87	107	42.13
48019	258	94	36.43	164	63.57
48020	402	112	27.86	290	72.14
48021	391	191	48.85	200	51.15
48022	344	160	46.51	184	53.49
48023	377	155	41.11	222	58.89
48024	332	159	47.89	173	52.11
48025	356	102	28.65	254	71.35
48026	122	49	40.16	73	59.84
48027	279	130	46.59	149	53.41
48028	324	171	52.78	153	47.22
48029	241	135	56.02	106	43.98
48030	331	97	29.31	234	70.69
48031	338	141	41.72	197	58.28
48032	298	126	42.28	172	57.72
48033	231	108	46.75	123	53.25
48034	299	110	36.79	189	63.21
48035	230	124	53.91	106	46.09
48036	228	102	44.74	126	55.26
48037	331	94	28.40	237	71.60
48038	413	110	26.63	303	73.37
48039	293	133	45.39	160	54.61
48040	305	79	25.90	226	74.10
48041	333	127	38.14	206	61.86
48042	417	119	28.54	298	71.46
48043	323	114	35.29	209	64.71
48044	428	115	26.87	313	73.13
48045	245	71	28.98	174	71.02
48046	215	107	49.77	108	50.23
49001	183	100	54.64	83	45.36
49002	186	63	33.87	123	66.13
49003	345	125	36.23	220	63.77
49004	378	116	30.69	262	69.31
49005	375	191	50.93	184	49.07
49006	256	105	41.02	151	58.98
49007	271	88	32.47	183	67.53
49008	233	130	55.79	103	44.21
49009	285	104	36.49	181	63.51
49010	302	110	36.42	192	63.58
49011	341	123	36.07	218	63.93
49012	403	121	30.02	282	69.98
49013	340	144	42.35	196	57.65
49014	275	127	46.18	148	53.82
49015	214	104	48.60	110	51.40
49016	298	142	47.65	156	52.35
49017	192	86	44.79	106	55.21
49018	403	139	34.49	264	65.51
49019	236	123	52.12	113	47.88
49020	443	138	31.15	305	68.85
49021	164	87	53.05	77	46.95
49022	332	162	48.80	170	51.20
49023	373	142	38.07	231	61.93
49024	210	111	52.86	99	47.14
49025	395	158	40.00	237	60.00
49026	342	128	37.43	214	62.57
49027	309	125	40.45	184	59.55
49028	410	155	37.80	255	62.20
49029	349	128	36.68	221	63.32
49030	331	142	42.90	189	57.10
49031	244	117	47.95	127	52.05
49032	290	149	51.38	141	48.62
49033	256	106	41.41	150	58.59
50001	219	107	48.86	112	51.14
50002	131	69	52.67	62	47.33
50003	208	104	50.00	104	50.00
50004	226	110	48.67	116	51.33
50005	143	66	46.15	77	53.85
50006	253	145	57.31	108	42.69
50007	329	140	42.55	189	57.45
50008	206	106	51.46	100	48.54
50009	197	85	43.15	112	56.85
50010	148	82	55.41	66	44.59
50011	122	56	45.90	66	54.10
50012	92	48	52.17	44	47.83
50013	210	100	47.62	110	52.38
50014	87	45	51.72	42	48.28
50015	320	101	31.56	219	68.44
50016	77	40	51.95	37	48.05
50017	156	86	55.13	70	44.87
50018	48	33	68.75	15	31.25
50019	106	41	38.68	65	61.32
50020	224	106	47.32	118	52.68
50021	191	72	37.70	119	62.30
50022	152	69	45.39	83	54.61
50023	134	83	61.94	51	38.06
50024	154	87	56.49	67	43.51
50025	195	97	49.74	98	50.26
50026	166	80	48.19	86	51.81
50027	67	34	50.75	33	49.25
50028	232	147	63.36	85	36.64
50029	127	57	44.88	70	55.12
50030	136	74	54.41	62	45.59
50031	203	97	47.78	106	52.22
50032	210	115	54.76	95	45.24
50033	180	91	50.56	89	49.44
50034	340	141	41.47	199	58.53
50035	301	135	44.85	166	55.15
50036	225	75	33.33	150	66.67
50037	261	125	47.89	136	52.11
50038	122	71	58.20	51	41.80
50039	108	61	56.48	47	43.52
50040	196	102	52.04	94	47.96
