Precinct	Votes	votes|Lori Lightfoot	pct|Lori Lightfoot	votes|Toni Preckwinkle	pct|Toni Preckwinkle
01001	262	176	67.18	86	32.82
01002	209	135	64.59	74	35.41
01003	279	210	75.27	69	24.73
01004	282	209	74.11	73	25.89
01005	257	187	72.76	70	27.24
01006	238	176	73.95	62	26.05
01007	200	147	73.50	53	26.50
01008	265	182	68.68	83	31.32
01009	252	168	66.67	84	33.33
01010	261	209	80.08	52	19.92
01011	279	197	70.61	82	29.39
01012	337	241	71.51	96	28.49
01013	125	82	65.60	43	34.40
01014	261	202	77.39	59	22.61
01015	228	165	72.37	63	27.63
01016	301	202	67.11	99	32.89
01017	270	155	57.41	115	42.59
01018	270	161	59.63	109	40.37
01019	304	204	67.11	100	32.89
01020	198	127	64.14	71	35.86
01021	294	212	72.11	82	27.89
01022	170	124	72.94	46	27.06
01023	379	246	64.91	133	35.09
01024	216	139	64.35	77	35.65
01025	235	154	65.53	81	34.47
01026	175	114	65.14	61	34.86
01027	260	211	81.15	49	18.85
01028	93	68	73.12	25	26.88
01029	335	263	78.51	72	21.49
01030	259	161	62.16	98	37.84
01031	262	193	73.66	69	26.34
01032	275	202	73.45	73	26.55
01033	301	233	77.41	68	22.59
01034	219	148	67.58	71	32.42
01035	341	267	78.30	74	21.70
01036	279	220	78.85	59	21.15
01037	272	204	75.00	68	25.00
01038	250	191	76.40	59	23.60
01039	215	160	74.42	55	25.58
01040	282	224	79.43	58	20.57
01041	184	126	68.48	58	31.52
01042	92	66	71.74	26	28.26
01043	182	147	80.77	35	19.23
01044	220	154	70.00	66	30.00
02001	250	177	70.80	73	29.20
02002	253	203	80.24	50	19.76
02003	286	221	77.27	65	22.73
02004	210	157	74.76	53	25.24
02005	294	221	75.17	73	24.83
02006	201	152	75.62	49	24.38
02007	245	200	81.63	45	18.37
02008	262	197	75.19	65	24.81
02009	224	203	90.63	21	9.38
02010	314	253	80.57	61	19.43
02011	357	307	85.99	50	14.01
02012	308	252	81.82	56	18.18
02013	319	257	80.56	62	19.44
02014	353	271	76.77	82	23.23
02015	279	213	76.34	66	23.66
02016	234	177	75.64	57	24.36
02017	381	282	74.02	99	25.98
02018	272	209	76.84	63	23.16
02019	291	242	83.16	49	16.84
02020	232	195	84.05	37	15.95
02021	310	235	75.81	75	24.19
02022	347	296	85.30	51	14.70
02023	279	240	86.02	39	13.98
02024	289	239	82.70	50	17.30
02025	288	224	77.78	64	22.22
02026	248	212	85.48	36	14.52
02027	267	232	86.89	35	13.11
02028	268	218	81.34	50	18.66
02029	248	217	87.50	31	12.50
02030	232	197	84.91	35	15.09
02031	427	359	84.07	68	15.93
02032	181	151	83.43	30	16.57
02033	493	415	84.18	78	15.82
02034	309	266	86.08	43	13.92
02035	270	239	88.52	31	11.48
02036	290	235	81.03	55	18.97
02037	298	239	80.20	59	19.80
02038	299	253	84.62	46	15.38
02039	200	135	67.50	65	32.50
02040	289	238	82.35	51	17.65
02041	225	191	84.89	34	15.11
02042	244	187	76.64	57	23.36
02043	349	282	80.80	67	19.20
02044	203	176	86.70	27	13.30
02045	324	241	74.38	83	25.62
02046	152	124	81.58	28	18.42
03001	407	274	67.32	133	32.68
03002	454	261	57.49	193	42.51
03003	319	206	64.58	113	35.42
03004	377	245	64.99	132	35.01
03005	172	109	63.37	63	36.63
03006	388	322	82.99	66	17.01
03007	260	184	70.77	76	29.23
03008	237	158	66.67	79	33.33
03009	336	210	62.50	126	37.50
03010	128	87	67.97	41	32.03
03011	304	197	64.80	107	35.20
03012	375	240	64.00	135	36.00
03013	406	320	78.82	86	21.18
03014	323	235	72.76	88	27.24
03015	270	179	66.30	91	33.70
03016	269	181	67.29	88	32.71
03017	343	244	71.14	99	28.86
03018	414	309	74.64	105	25.36
03019	361	288	79.78	73	20.22
03020	320	194	60.63	126	39.38
03021	380	264	69.47	116	30.53
03022	356	290	81.46	66	18.54
03023	237	160	67.51	77	32.49
03024	286	179	62.59	107	37.41
03025	533	430	80.68	103	19.32
03026	448	332	74.11	116	25.89
03027	383	307	80.16	76	19.84
03028	261	177	67.82	84	32.18
03029	317	217	68.45	100	31.55
03030	289	184	63.67	105	36.33
03031	387	248	64.08	139	35.92
03032	347	240	69.16	107	30.84
03033	334	260	77.84	74	22.16
03034	367	292	79.56	75	20.44
03035	143	89	62.24	54	37.76
03036	151	100	66.23	51	33.77
03037	253	153	60.47	100	39.53
03038	325	196	60.31	129	39.69
03039	431	345	80.05	86	19.95
03040	260	194	74.62	66	25.38
03041	310	184	59.35	126	40.65
04001	437	189	43.25	248	56.75
04002	392	309	78.83	83	21.17
04003	266	129	48.50	137	51.50
04004	478	291	60.88	187	39.12
04005	399	225	56.39	174	43.61
04006	437	284	64.99	153	35.01
04007	485	296	61.03	189	38.97
04008	407	220	54.05	187	45.95
04009	480	237	49.38	243	50.63
04010	422	250	59.24	172	40.76
04011	320	198	61.88	122	38.13
04012	371	230	61.99	141	38.01
04013	254	202	79.53	52	20.47
04014	368	213	57.88	155	42.12
04015	418	237	56.70	181	43.30
04016	429	327	76.22	102	23.78
04017	394	299	75.89	95	24.11
04018	398	230	57.79	168	42.21
04019	225	161	71.56	64	28.44
04020	316	235	74.37	81	25.63
04021	329	247	75.08	82	24.92
04022	387	197	50.90	190	49.10
04023	484	187	38.64	297	61.36
04024	329	163	49.54	166	50.46
04025	388	299	77.06	89	22.94
04026	335	190	56.72	145	43.28
04027	431	215	49.88	216	50.12
04028	314	187	59.55	127	40.45
04029	313	185	59.11	128	40.89
04030	390	238	61.03	152	38.97
04031	451	199	44.12	252	55.88
04032	360	209	58.06	151	41.94
04033	354	203	57.34	151	42.66
04034	309	170	55.02	139	44.98
04035	407	221	54.30	186	45.70
04036	402	231	57.46	171	42.54
04037	469	339	72.28	130	27.72
04038	357	221	61.90	136	38.10
05001	261	167	63.98	94	36.02
05002	217	152	70.05	65	29.95
05003	357	138	38.66	219	61.34
05004	421	221	52.49	200	47.51
05005	305	182	59.67	123	40.33
05006	273	172	63.00	101	37.00
05007	355	174	49.01	181	50.99
05008	394	197	50.00	197	50.00
05009	438	177	40.41	261	59.59
05010	242	170	70.25	72	29.75
05011	409	194	47.43	215	52.57
05012	214	141	65.89	73	34.11
05013	262	169	64.50	93	35.50
05014	314	172	54.78	142	45.22
05015	307	141	45.93	166	54.07
05016	278	190	68.35	88	31.65
05017	282	161	57.09	121	42.91
05018	321	161	50.16	160	49.84
05019	364	171	46.98	193	53.02
05020	411	180	43.80	231	56.20
05021	351	172	49.00	179	51.00
05022	449	236	52.56	213	47.44
05023	594	291	48.99	303	51.01
05024	390	184	47.18	206	52.82
05025	330	204	61.82	126	38.18
05026	343	215	62.68	128	37.32
05027	334	158	47.31	176	52.69
05028	386	231	59.84	155	40.16
05029	362	216	59.67	146	40.33
05030	220	151	68.64	69	31.36
05031	240	165	68.75	75	31.25
05032	443	235	53.05	208	46.95
05033	357	218	61.06	139	38.94
05034	408	210	51.47	198	48.53
05035	446	250	56.05	196	43.95
05036	211	134	63.51	77	36.49
05037	448	223	49.78	225	50.22
05038	297	191	64.31	106	35.69
05039	287	137	47.74	150	52.26
05040	270	146	54.07	124	45.93
05041	242	125	51.65	117	48.35
06001	324	189	58.33	135	41.67
06002	303	209	68.98	94	31.02
06003	329	237	72.04	92	27.96
06004	206	152	73.79	54	26.21
06005	162	113	69.75	49	30.25
06006	321	208	64.80	113	35.20
06007	242	171	70.66	71	29.34
06008	313	192	61.34	121	38.66
06009	231	163	70.56	68	29.44
06010	149	104	69.80	45	30.20
06011	239	165	69.04	74	30.96
06012	157	108	68.79	49	31.21
06013	230	154	66.96	76	33.04
06014	264	184	69.70	80	30.30
06015	199	134	67.34	65	32.66
06016	324	209	64.51	115	35.49
06017	172	122	70.93	50	29.07
06018	178	115	64.61	63	35.39
06019	252	179	71.03	73	28.97
06020	151	115	76.16	36	23.84
06021	131	93	70.99	38	29.01
06022	157	119	75.80	38	24.20
06023	138	101	73.19	37	26.81
06024	142	91	64.08	51	35.92
06025	135	94	69.63	41	30.37
06026	165	107	64.85	58	35.15
06027	157	111	70.70	46	29.30
06028	133	80	60.15	53	39.85
06029	335	215	64.18	120	35.82
06030	211	142	67.30	69	32.70
06031	307	184	59.93	123	40.07
06032	258	180	69.77	78	30.23
06033	287	204	71.08	83	28.92
06034	273	182	66.67	91	33.33
06035	249	155	62.25	94	37.75
06036	347	205	59.08	142	40.92
06037	328	206	62.80	122	37.20
06038	315	197	62.54	118	37.46
06039	224	144	64.29	80	35.71
06040	266	176	66.17	90	33.83
06041	284	196	69.01	88	30.99
06042	266	172	64.66	94	35.34
06043	231	168	72.73	63	27.27
06044	257	174	67.70	83	32.30
06045	301	181	60.13	120	39.87
06046	186	128	68.82	58	31.18
06047	182	139	76.37	43	23.63
06048	277	182	65.70	95	34.30
07001	223	154	69.06	69	30.94
07002	215	147	68.37	68	31.63
07003	283	195	68.90	88	31.10
07004	259	190	73.36	69	26.64
07005	248	164	66.13	84	33.87
07006	344	216	62.79	128	37.21
07007	207	132	63.77	75	36.23
07008	237	156	65.82	81	34.18
07009	426	269	63.15	157	36.85
07010	295	222	75.25	73	24.75
07011	223	153	68.61	70	31.39
07012	232	165	71.12	67	28.88
07013	172	117	68.02	55	31.98
07014	248	167	67.34	81	32.66
07015	244	158	64.75	86	35.25
07016	155	110	70.97	45	29.03
07017	186	128	68.82	58	31.18
07018	219	138	63.01	81	36.99
07019	233	159	68.24	74	31.76
07020	167	125	74.85	42	25.15
07021	158	115	72.78	43	27.22
07022	192	130	67.71	62	32.29
07023	259	158	61.00	101	39.00
07024	194	125	64.43	69	35.57
07025	164	119	72.56	45	27.44
07026	194	132	68.04	62	31.96
07027	204	141	69.12	63	30.88
07028	171	108	63.16	63	36.84
07029	195	140	71.79	55	28.21
07030	160	107	66.88	53	33.13
07031	146	99	67.81	47	32.19
07032	367	227	61.85	140	38.15
07033	372	236	63.44	136	36.56
07034	320	194	60.63	126	39.38
07035	231	170	73.59	61	26.41
07036	302	193	63.91	109	36.09
07037	277	180	64.98	97	35.02
07038	196	132	67.35	64	32.65
07039	235	167	71.06	68	28.94
07040	225	155	68.89	70	31.11
07041	222	159	71.62	63	28.38
07042	203	140	68.97	63	31.03
07043	220	156	70.91	64	29.09
07044	181	125	69.06	56	30.94
07045	179	137	76.54	42	23.46
07046	125	89	71.20	36	28.80
08001	253	169	66.80	84	33.20
08002	232	153	65.95	79	34.05
08003	347	225	64.84	122	35.16
08004	338	223	65.98	115	34.02
08005	331	194	58.61	137	41.39
08006	260	159	61.15	101	38.85
08007	340	226	66.47	114	33.53
08008	301	213	70.76	88	29.24
08009	193	132	68.39	61	31.61
08010	371	226	60.92	145	39.08
08011	229	120	52.40	109	47.60
08012	230	153	66.52	77	33.48
08013	301	194	64.45	107	35.55
08014	167	114	68.26	53	31.74
08015	235	167	71.06	68	28.94
08016	74	51	68.92	23	31.08
08017	231	147	63.64	84	36.36
08018	185	125	67.57	60	32.43
08019	312	194	62.18	118	37.82
08020	333	205	61.56	128	38.44
08021	322	206	63.98	116	36.02
08022	245	167	68.16	78	31.84
08023	205	139	67.80	66	32.20
08024	171	118	69.01	53	30.99
08025	249	175	70.28	74	29.72
08026	226	144	63.72	82	36.28
08027	313	203	64.86	110	35.14
08028	267	163	61.05	104	38.95
08029	299	225	75.25	74	24.75
08030	282	188	66.67	94	33.33
08031	200	132	66.00	68	34.00
08032	205	143	69.76	62	30.24
08033	258	191	74.03	67	25.97
08034	266	184	69.17	82	30.83
08035	296	204	68.92	92	31.08
08036	304	183	60.20	121	39.80
08037	237	143	60.34	94	39.66
08038	164	108	65.85	56	34.15
08039	282	198	70.21	84	29.79
08040	208	141	67.79	67	32.21
08041	291	194	66.67	97	33.33
08042	334	201	60.18	133	39.82
08043	148	114	77.03	34	22.97
08044	180	105	58.33	75	41.67
08045	208	135	64.90	73	35.10
08046	186	115	61.83	71	38.17
08047	200	147	73.50	53	26.50
08048	226	155	68.58	71	31.42
08049	265	184	69.43	81	30.57
08050	288	194	67.36	94	32.64
08051	327	222	67.89	105	32.11
08052	356	232	65.17	124	34.83
08053	141	98	69.50	43	30.50
08054	194	129	66.49	65	33.51
08055	245	172	70.20	73	29.80
08056	282	185	65.60	97	34.40
09001	240	177	73.75	63	26.25
09002	201	148	73.63	53	26.37
09003	129	109	84.50	20	15.50
09004	191	148	77.49	43	22.51
09005	260	184	70.77	76	29.23
09006	233	158	67.81	75	32.19
09007	187	128	68.45	59	31.55
09008	212	155	73.11	57	26.89
09009	291	183	62.89	108	37.11
09010	179	143	79.89	36	20.11
09011	174	130	74.71	44	25.29
09012	299	187	62.54	112	37.46
09013	311	226	72.67	85	27.33
09014	319	229	71.79	90	28.21
09015	180	130	72.22	50	27.78
09016	217	164	75.58	53	24.42
09017	166	128	77.11	38	22.89
09018	183	134	73.22	49	26.78
09019	219	160	73.06	59	26.94
09020	251	191	76.10	60	23.90
09021	210	145	69.05	65	30.95
09022	267	164	61.42	103	38.58
09023	321	206	64.17	115	35.83
09024	280	185	66.07	95	33.93
09025	264	187	70.83	77	29.17
09026	186	127	68.28	59	31.72
09027	202	147	72.77	55	27.23
09028	106	74	69.81	32	30.19
09029	213	130	61.03	83	38.97
09030	172	125	72.67	47	27.33
09031	178	127	71.35	51	28.65
09032	252	176	69.84	76	30.16
09033	168	113	67.26	55	32.74
09034	181	127	70.17	54	29.83
09035	248	155	62.50	93	37.50
09036	193	131	67.88	62	32.12
09037	364	250	68.68	114	31.32
09038	225	152	67.56	73	32.44
09039	251	176	70.12	75	29.88
09040	293	194	66.21	99	33.79
09041	184	134	72.83	50	27.17
09042	282	191	67.73	91	32.27
09043	191	142	74.35	49	25.65
09044	209	140	66.99	69	33.01
09045	185	115	62.16	70	37.84
09046	248	176	70.97	72	29.03
09047	311	200	64.31	111	35.69
09048	299	213	71.24	86	28.76
09049	282	192	68.09	90	31.91
09050	375	263	70.13	112	29.87
09051	261	182	69.73	79	30.27
10001	213	154	72.30	59	27.70
10002	241	207	85.89	34	14.11
10003	245	209	85.31	36	14.69
10004	150	119	79.33	31	20.67
10005	190	169	88.95	21	11.05
10006	145	122	84.14	23	15.86
10007	128	111	86.72	17	13.28
10008	82	61	74.39	21	25.61
10009	228	207	90.79	21	9.21
10010	226	189	83.63	37	16.37
10011	195	158	81.03	37	18.97
10012	120	97	80.83	23	19.17
10013	175	141	80.57	34	19.43
10014	227	189	83.26	38	16.74
10015	470	316	67.23	154	32.77
10016	164	129	78.66	35	21.34
10017	300	260	86.67	40	13.33
10018	111	73	65.77	38	34.23
10019	226	199	88.05	27	11.95
10020	253	211	83.40	42	16.60
10021	189	172	91.01	17	8.99
10022	104	83	79.81	21	20.19
10023	152	125	82.24	27	17.76
10024	216	188	87.04	28	12.96
10025	68	51	75.00	17	25.00
10026	115	88	76.52	27	23.48
10027	166	121	72.89	45	27.11
10028	192	150	78.13	42	21.88
10029	151	141	93.38	10	6.62
10030	154	127	82.47	27	17.53
10031	132	110	83.33	22	16.67
10032	178	148	83.15	30	16.85
10033	127	101	79.53	26	20.47
10034	124	100	80.65	24	19.35
10035	252	217	86.11	35	13.89
10036	57	38	66.67	19	33.33
11001	279	204	73.12	75	26.88
11002	17	8	47.06	9	52.94
11003	224	134	59.82	90	40.18
11004	209	152	72.73	57	27.27
11005	306	192	62.75	114	37.25
11006	389	292	75.06	97	24.94
11007	216	156	72.22	60	27.78
11008	233	182	78.11	51	21.89
11009	212	159	75.00	53	25.00
11010	224	153	68.30	71	31.70
11011	263	205	77.95	58	22.05
11012	427	372	87.12	55	12.88
11013	342	263	76.90	79	23.10
11014	175	107	61.14	68	38.86
11015	119	105	88.24	14	11.76
11016	180	131	72.78	49	27.22
11017	323	239	73.99	84	26.01
11018	228	165	72.37	63	27.63
11019	319	222	69.59	97	30.41
11020	194	141	72.68	53	27.32
11021	402	306	76.12	96	23.88
11022	300	227	75.67	73	24.33
11023	176	140	79.55	36	20.45
11024	364	275	75.55	89	24.45
11025	357	280	78.43	77	21.57
11026	341	248	72.73	93	27.27
11027	77	55	71.43	22	28.57
11028	121	96	79.34	25	20.66
11029	341	270	79.18	71	20.82
11030	117	87	74.36	30	25.64
11031	290	239	82.41	51	17.59
11032	144	105	72.92	39	27.08
11033	297	236	79.46	61	20.54
11034	126	77	61.11	49	38.89
11035	84	58	69.05	26	30.95
11036	102	61	59.80	41	40.20
11037	87	57	65.52	30	34.48
11038	119	84	70.59	35	29.41
12001	215	163	75.81	52	24.19
12002	153	122	79.74	31	20.26
12003	300	201	67.00	99	33.00
12004	215	154	71.63	61	28.37
12005	204	161	78.92	43	21.08
12006	185	151	81.62	34	18.38
12007	134	78	58.21	56	41.79
12008	238	180	75.63	58	24.37
12009	164	128	78.05	36	21.95
12010	176	117	66.48	59	33.52
12011	161	131	81.37	30	18.63
12012	161	132	81.99	29	18.01
12013	193	149	77.20	44	22.80
12014	144	97	67.36	47	32.64
12015	152	119	78.29	33	21.71
12016	100	73	73.00	27	27.00
12017	172	127	73.84	45	26.16
12018	149	108	72.48	41	27.52
12019	198	150	75.76	48	24.24
12020	157	120	76.43	37	23.57
12021	197	146	74.11	51	25.89
12022	133	89	66.92	44	33.08
12023	216	165	76.39	51	23.61
13001	196	159	81.12	37	18.88
13002	201	172	85.57	29	14.43
13003	104	85	81.73	19	18.27
13004	214	181	84.58	33	15.42
13005	182	157	86.26	25	13.74
13006	230	206	89.57	24	10.43
13007	110	92	83.64	18	16.36
13008	155	129	83.23	26	16.77
13009	172	138	80.23	34	19.77
13010	215	193	89.77	22	10.23
13011	210	189	90.00	21	10.00
13012	162	115	70.99	47	29.01
13013	204	179	87.75	25	12.25
13014	150	126	84.00	24	16.00
13015	223	172	77.13	51	22.87
13016	103	82	79.61	21	20.39
13017	177	152	85.88	25	14.12
13018	168	141	83.93	27	16.07
13019	138	111	80.43	27	19.57
13020	153	140	91.50	13	8.50
13021	267	241	90.26	26	9.74
13022	232	209	90.09	23	9.91
13023	121	98	80.99	23	19.01
13024	157	139	88.54	18	11.46
13025	164	145	88.41	19	11.59
13026	162	142	87.65	20	12.35
13027	194	161	82.99	33	17.01
13028	124	107	86.29	17	13.71
13029	136	108	79.41	28	20.59
13030	104	80	76.92	24	23.08
13031	246	224	91.06	22	8.94
13032	199	172	86.43	27	13.57
13033	220	195	88.64	25	11.36
13034	168	136	80.95	32	19.05
13035	160	135	84.38	25	15.63
13036	101	90	89.11	11	10.89
13037	247	190	76.92	57	23.08
13038	203	183	90.15	20	9.85
13039	159	131	82.39	28	17.61
13040	170	147	86.47	23	13.53
13041	178	142	79.78	36	20.22
13042	222	204	91.89	18	8.11
13043	192	162	84.38	30	15.63
13044	144	112	77.78	32	22.22
13045	222	190	85.59	32	14.41
13046	183	149	81.42	34	18.58
13047	147	123	83.67	24	16.33
13048	188	167	88.83	21	11.17
14001	333	306	91.89	27	8.11
14002	227	188	82.82	39	17.18
14003	136	104	76.47	32	23.53
14004	226	204	90.27	22	9.73
14005	176	133	75.57	43	24.43
14006	63	51	80.95	12	19.05
14007	185	149	80.54	36	19.46
14008	176	139	78.98	37	21.02
14009	306	267	87.25	39	12.75
14010	97	80	82.47	17	17.53
14011	75	63	84.00	12	16.00
14012	177	152	85.88	25	14.12
14013	144	107	74.31	37	25.69
14014	118	87	73.73	31	26.27
14015	139	116	83.45	23	16.55
14016	131	90	68.70	41	31.30
14017	130	108	83.08	22	16.92
14018	75	60	80.00	15	20.00
14019	128	89	69.53	39	30.47
14020	87	73	83.91	14	16.09
14021	123	91	73.98	32	26.02
14022	232	192	82.76	40	17.24
14023	163	132	80.98	31	19.02
14024	294	254	86.39	40	13.61
14025	83	69	83.13	14	16.87
14026	114	90	78.95	24	21.05
14027	165	131	79.39	34	20.61
14028	111	87	78.38	24	21.62
14029	135	109	80.74	26	19.26
14030	71	61	85.92	10	14.08
14031	86	71	82.56	15	17.44
15001	279	218	78.14	61	21.86
15002	161	111	68.94	50	31.06
15003	172	126	73.26	46	26.74
15004	249	171	68.67	78	31.33
15005	249	185	74.30	64	25.70
15006	255	198	77.65	57	22.35
15007	190	130	68.42	60	31.58
15008	243	189	77.78	54	22.22
15009	311	250	80.39	61	19.61
15010	328	265	80.79	63	19.21
15011	274	194	70.80	80	29.20
15012	293	220	75.09	73	24.91
15013	231	181	78.35	50	21.65
15014	202	160	79.21	42	20.79
15015	182	142	78.02	40	21.98
15016	292	217	74.32	75	25.68
15017	194	138	71.13	56	28.87
15018	151	102	67.55	49	32.45
15019	213	154	72.30	59	27.70
15020	197	127	64.47	70	35.53
15021	161	104	64.60	57	35.40
15022	170	125	73.53	45	26.47
15023	182	136	74.73	46	25.27
15024	168	131	77.98	37	22.02
16001	186	129	69.35	57	30.65
16002	177	129	72.88	48	27.12
16003	153	107	69.93	46	30.07
16004	169	105	62.13	64	37.87
16005	115	82	71.30	33	28.70
16006	187	135	72.19	52	27.81
16007	166	118	71.08	48	28.92
16008	97	63	64.95	34	35.05
16009	186	118	63.44	68	36.56
16010	169	119	70.41	50	29.59
16011	152	116	76.32	36	23.68
16012	136	92	67.65	44	32.35
16013	112	75	66.96	37	33.04
16014	158	110	69.62	48	30.38
16015	203	134	66.01	69	33.99
16016	209	150	71.77	59	28.23
16017	132	97	73.48	35	26.52
16018	197	123	62.44	74	37.56
16019	163	112	68.71	51	31.29
16020	135	97	71.85	38	28.15
16021	158	111	70.25	47	29.75
16022	143	110	76.92	33	23.08
16023	140	106	75.71	34	24.29
16024	114	86	75.44	28	24.56
16025	225	149	66.22	76	33.78
16026	186	125	67.20	61	32.80
16027	152	112	73.68	40	26.32
16028	223	155	69.51	68	30.49
16029	164	102	62.20	62	37.80
16030	154	104	67.53	50	32.47
16031	224	164	73.21	60	26.79
16032	128	93	72.66	35	27.34
16033	169	121	71.60	48	28.40
16034	156	107	68.59	49	31.41
16035	187	143	76.47	44	23.53
16036	130	86	66.15	44	33.85
17001	165	108	65.45	57	34.55
17002	223	162	72.65	61	27.35
17003	222	166	74.77	56	25.23
17004	290	198	68.28	92	31.72
17005	169	111	65.68	58	34.32
17006	162	124	76.54	38	23.46
17007	127	95	74.80	32	25.20
17008	179	138	77.09	41	22.91
17009	177	112	63.28	65	36.72
17010	311	214	68.81	97	31.19
17011	156	107	68.59	49	31.41
17012	215	154	71.63	61	28.37
17013	209	141	67.46	68	32.54
17014	223	154	69.06	69	30.94
17015	228	149	65.35	79	34.65
17016	157	110	70.06	47	29.94
17017	198	146	73.74	52	26.26
17018	275	204	74.18	71	25.82
17019	111	82	73.87	29	26.13
17020	279	195	69.89	84	30.11
17021	327	208	63.61	119	36.39
17022	203	139	68.47	64	31.53
17023	144	96	66.67	48	33.33
17024	267	195	73.03	72	26.97
17025	141	101	71.63	40	28.37
17026	242	164	67.77	78	32.23
17027	205	146	71.22	59	28.78
17028	173	119	68.79	54	31.21
17029	216	157	72.69	59	27.31
17030	117	92	78.63	25	21.37
17031	138	86	62.32	52	37.68
17032	158	113	71.52	45	28.48
17033	139	102	73.38	37	26.62
17034	156	100	64.10	56	35.90
17035	162	115	70.99	47	29.01
17036	223	150	67.26	73	32.74
17037	191	132	69.11	59	30.89
17038	191	133	69.63	58	30.37
17039	236	153	64.83	83	35.17
17040	249	169	67.87	80	32.13
17041	289	196	67.82	93	32.18
18001	193	140	72.54	53	27.46
18002	153	120	78.43	33	21.57
18003	206	163	79.13	43	20.87
18004	286	213	74.48	73	25.52
18005	152	112	73.68	40	26.32
18006	214	176	82.24	38	17.76
18007	218	164	75.23	54	24.77
18008	285	195	68.42	90	31.58
18009	261	188	72.03	73	27.97
18010	355	245	69.01	110	30.99
18011	185	144	77.84	41	22.16
18012	255	172	67.45	83	32.55
18013	261	184	70.50	77	29.50
18014	280	179	63.93	101	36.07
18015	229	180	78.60	49	21.40
18016	233	162	69.53	71	30.47
18017	210	154	73.33	56	26.67
18018	252	165	65.48	87	34.52
18019	241	165	68.46	76	31.54
18020	197	140	71.07	57	28.93
18021	324	227	70.06	97	29.94
18022	332	226	68.07	106	31.93
18023	223	158	70.85	65	29.15
18024	172	152	88.37	20	11.63
18025	203	160	78.82	43	21.18
18026	320	223	69.69	97	30.31
18027	186	129	69.35	57	30.65
18028	222	192	86.49	30	13.51
18029	275	206	74.91	69	25.09
18030	189	148	78.31	41	21.69
18031	247	175	70.85	72	29.15
18032	261	174	66.67	87	33.33
18033	201	140	69.65	61	30.35
18034	348	251	72.13	97	27.87
18035	324	222	68.52	102	31.48
18036	229	174	75.98	55	24.02
18037	281	185	65.84	96	34.16
18038	255	180	70.59	75	29.41
18039	159	118	74.21	41	25.79
18040	240	183	76.25	57	23.75
18041	314	226	71.97	88	28.03
18042	162	123	75.93	39	24.07
18043	139	119	85.61	20	14.39
18044	200	172	86.00	28	14.00
18045	155	124	80.00	31	20.00
18046	202	170	84.16	32	15.84
18047	158	122	77.22	36	22.78
18048	194	141	72.68	53	27.32
18049	137	119	86.86	18	13.14
18050	182	139	76.37	43	23.63
19001	312	295	94.55	17	5.45
19002	463	349	75.38	114	24.62
19003	270	253	93.70	17	6.30
19004	361	341	94.46	20	5.54
19005	381	300	78.74	81	21.26
19006	347	320	92.22	27	7.78
19007	301	273	90.70	28	9.30
19008	341	323	94.72	18	5.28
19009	262	225	85.88	37	14.12
19010	402	295	73.38	107	26.62
19011	312	292	93.59	20	6.41
19012	270	261	96.67	9	3.33
19013	374	222	59.36	152	40.64
19014	370	292	78.92	78	21.08
19015	398	368	92.46	30	7.54
19016	354	335	94.63	19	5.37
19017	291	273	93.81	18	6.19
19018	335	273	81.49	62	18.51
19019	422	345	81.75	77	18.25
19020	301	208	69.10	93	30.90
19021	290	270	93.10	20	6.90
19022	378	310	82.01	68	17.99
19023	354	331	93.50	23	6.50
19024	252	239	94.84	13	5.16
19025	319	262	82.13	57	17.87
19026	340	292	85.88	48	14.12
19027	334	251	75.15	83	24.85
19028	363	257	70.80	106	29.20
19029	313	295	94.25	18	5.75
19030	294	277	94.22	17	5.78
19031	321	271	84.42	50	15.58
19032	310	275	88.71	35	11.29
19033	310	297	95.81	13	4.19
19034	313	281	89.78	32	10.22
19035	312	252	80.77	60	19.23
19036	411	275	66.91	136	33.09
19037	342	250	73.10	92	26.90
19038	296	213	71.96	83	28.04
19039	95	67	70.53	28	29.47
19040	343	282	82.22	61	17.78
19041	303	286	94.39	17	5.61
19042	265	202	76.23	63	23.77
19043	396	273	68.94	123	31.06
19044	340	324	95.29	16	4.71
19045	331	298	90.03	33	9.97
19046	372	353	94.89	19	5.11
19047	491	357	72.71	134	27.29
19048	343	247	72.01	96	27.99
19049	418	292	69.86	126	30.14
19050	282	259	91.84	23	8.16
19051	378	353	93.39	25	6.61
19052	341	326	95.60	15	4.40
19053	288	255	88.54	33	11.46
19054	264	250	94.70	14	5.30
19055	273	254	93.04	19	6.96
19056	382	308	80.63	74	19.37
19057	268	204	76.12	64	23.88
20001	270	182	67.41	88	32.59
20002	105	75	71.43	30	28.57
20003	210	143	68.10	67	31.90
20004	110	71	64.55	39	35.45
20005	265	178	67.17	87	32.83
20006	110	77	70.00	33	30.00
20007	221	159	71.95	62	28.05
20008	261	175	67.05	86	32.95
20009	387	236	60.98	151	39.02
20010	161	111	68.94	50	31.06
20011	319	205	64.26	114	35.74
20012	170	125	73.53	45	26.47
20013	295	208	70.51	87	29.49
20014	143	93	65.03	50	34.97
20015	156	115	73.72	41	26.28
20016	288	163	56.60	125	43.40
20017	138	101	73.19	37	26.81
20018	167	117	70.06	50	29.94
20019	244	170	69.67	74	30.33
20020	115	90	78.26	25	21.74
20021	177	111	62.71	66	37.29
20022	368	213	57.88	155	42.12
20023	253	174	68.77	79	31.23
20024	297	175	58.92	122	41.08
20025	195	140	71.79	55	28.21
20026	257	139	54.09	118	45.91
20027	133	91	68.42	42	31.58
20028	161	115	71.43	46	28.57
20029	295	176	59.66	119	40.34
20030	112	77	68.75	35	31.25
20031	281	200	71.17	81	28.83
20032	228	171	75.00	57	25.00
20033	160	104	65.00	56	35.00
20034	356	178	50.00	178	50.00
20035	117	85	72.65	32	27.35
20036	70	51	72.86	19	27.14
20037	65	44	67.69	21	32.31
20038	86	59	68.60	27	31.40
20039	19	13	68.42	6	31.58
21001	297	188	63.30	109	36.70
21002	168	121	72.02	47	27.98
21003	288	192	66.67	96	33.33
21004	251	182	72.51	69	27.49
21005	325	244	75.08	81	24.92
21006	207	144	69.57	63	30.43
21007	297	201	67.68	96	32.32
21008	269	188	69.89	81	30.11
21009	310	207	66.77	103	33.23
21010	218	146	66.97	72	33.03
21011	241	167	69.29	74	30.71
21012	236	156	66.10	80	33.90
21013	250	168	67.20	82	32.80
21014	297	196	65.99	101	34.01
21015	229	161	70.31	68	29.69
21016	245	194	79.18	51	20.82
21017	226	162	71.68	64	28.32
21018	303	221	72.94	82	27.06
21019	273	188	68.86	85	31.14
21020	215	158	73.49	57	26.51
21021	209	144	68.90	65	31.10
21022	224	138	61.61	86	38.39
21023	240	160	66.67	80	33.33
21024	269	172	63.94	97	36.06
21025	244	165	67.62	79	32.38
21026	252	186	73.81	66	26.19
21027	252	180	71.43	72	28.57
21028	310	223	71.94	87	28.06
21029	311	220	70.74	91	29.26
21030	198	144	72.73	54	27.27
21031	212	147	69.34	65	30.66
21032	258	172	66.67	86	33.33
21033	211	143	67.77	68	32.23
21034	239	156	65.27	83	34.73
21035	334	239	71.56	95	28.44
21036	245	173	70.61	72	29.39
21037	202	136	67.33	66	32.67
21038	245	178	72.65	67	27.35
21039	196	147	75.00	49	25.00
21040	242	163	67.36	79	32.64
21041	297	205	69.02	92	30.98
21042	298	207	69.46	91	30.54
21043	265	175	66.04	90	33.96
21044	272	180	66.18	92	33.82
21045	237	177	74.68	60	25.32
21046	286	188	65.73	98	34.27
21047	233	166	71.24	67	28.76
21048	250	168	67.20	82	32.80
21049	302	207	68.54	95	31.46
21050	199	136	68.34	63	31.66
21051	251	157	62.55	94	37.45
21052	247	162	65.59	85	34.41
21053	224	140	62.50	84	37.50
21054	254	178	70.08	76	29.92
22001	126	86	68.25	40	31.75
22002	219	175	79.91	44	20.09
22003	190	147	77.37	43	22.63
22004	109	79	72.48	30	27.52
22005	142	114	80.28	28	19.72
22006	133	104	78.20	29	21.80
22007	102	79	77.45	23	22.55
22008	261	219	83.91	42	16.09
22009	113	80	70.80	33	29.20
22010	179	130	72.63	49	27.37
22011	116	85	73.28	31	26.72
22012	182	150	82.42	32	17.58
22013	139	104	74.82	35	25.18
22014	130	83	63.85	47	36.15
22015	95	76	80.00	19	20.00
22016	97	69	71.13	28	28.87
22017	172	122	70.93	50	29.07
22018	105	79	75.24	26	24.76
22019	82	57	69.51	25	30.49
22020	115	87	75.65	28	24.35
22021	227	162	71.37	65	28.63
22022	111	69	62.16	42	37.84
22023	296	216	72.97	80	27.03
22024	175	138	78.86	37	21.14
22025	134	110	82.09	24	17.91
23001	228	200	87.72	28	12.28
23002	245	217	88.57	28	11.43
23003	217	184	84.79	33	15.21
23004	253	229	90.51	24	9.49
23005	152	124	81.58	28	18.42
23006	189	147	77.78	42	22.22
23007	140	114	81.43	26	18.57
23008	206	166	80.58	40	19.42
23009	120	92	76.67	28	23.33
23010	167	129	77.25	38	22.75
23011	161	126	78.26	35	21.74
23012	232	212	91.38	20	8.62
23013	116	89	76.72	27	23.28
23014	208	182	87.50	26	12.50
23015	108	77	71.30	31	28.70
23016	239	216	90.38	23	9.62
23017	96	71	73.96	25	26.04
23018	205	185	90.24	20	9.76
23019	119	92	77.31	27	22.69
23020	63	51	80.95	12	19.05
23021	261	231	88.51	30	11.49
23022	219	186	84.93	33	15.07
23023	228	200	87.72	28	12.28
23024	114	81	71.05	33	28.95
23025	141	113	80.14	28	19.86
23026	165	138	83.64	27	16.36
23027	226	195	86.28	31	13.72
23028	211	187	88.63	24	11.37
23029	195	172	88.21	23	11.79
23030	172	139	80.81	33	19.19
23031	126	88	69.84	38	30.16
23032	120	92	76.67	28	23.33
23033	130	100	76.92	30	23.08
23034	122	86	70.49	36	29.51
23035	168	140	83.33	28	16.67
23036	238	207	86.97	31	13.03
23037	230	208	90.43	22	9.57
23038	200	166	83.00	34	17.00
23039	160	125	78.13	35	21.88
24001	167	118	70.66	49	29.34
24002	178	120	67.42	58	32.58
24003	179	129	72.07	50	27.93
24004	136	101	74.26	35	25.74
24005	96	66	68.75	30	31.25
24006	204	124	60.78	80	39.22
24007	105	68	64.76	37	35.24
24008	90	62	68.89	28	31.11
24009	148	111	75.00	37	25.00
24010	82	66	80.49	16	19.51
24011	190	119	62.63	71	37.37
24012	120	75	62.50	45	37.50
24013	99	58	58.59	41	41.41
24014	145	99	68.28	46	31.72
24015	98	64	65.31	34	34.69
24016	278	171	61.51	107	38.49
24017	162	115	70.99	47	29.01
24018	219	165	75.34	54	24.66
24019	228	155	67.98	73	32.02
24020	130	87	66.92	43	33.08
24021	79	66	83.54	13	16.46
24022	218	161	73.85	57	26.15
24023	153	103	67.32	50	32.68
24024	199	153	76.88	46	23.12
24025	156	116	74.36	40	25.64
24026	293	181	61.77	112	38.23
24027	207	141	68.12	66	31.88
24028	159	106	66.67	53	33.33
24029	158	113	71.52	45	28.48
24030	104	76	73.08	28	26.92
24031	210	154	73.33	56	26.67
24032	98	66	67.35	32	32.65
24033	113	79	69.91	34	30.09
24034	168	132	78.57	36	21.43
24035	152	112	73.68	40	26.32
24036	216	149	68.98	67	31.02
24037	113	82	72.57	31	27.43
24038	187	113	60.43	74	39.57
24039	210	155	73.81	55	26.19
24040	179	129	72.07	50	27.93
24041	159	116	72.96	43	27.04
25001	285	190	66.67	95	33.33
25002	341	207	60.70	134	39.30
25003	302	266	88.08	36	11.92
25004	239	175	73.22	64	26.78
25005	366	279	76.23	87	23.77
25006	115	87	75.65	28	24.35
25007	305	186	60.98	119	39.02
25008	335	234	69.85	101	30.15
25009	296	193	65.20	103	34.80
25010	359	311	86.63	48	13.37
25011	305	207	67.87	98	32.13
25012	315	211	66.98	104	33.02
25013	339	219	64.60	120	35.40
25014	184	112	60.87	72	39.13
25015	260	182	70.00	78	30.00
25016	326	289	88.65	37	11.35
25017	359	253	70.47	106	29.53
25018	241	182	75.52	59	24.48
25019	340	226	66.47	114	33.53
25020	201	144	71.64	57	28.36
25021	409	317	77.51	92	22.49
25022	297	196	65.99	101	34.01
25023	369	246	66.67	123	33.33
25024	330	224	67.88	106	32.12
25025	287	219	76.31	68	23.69
25026	334	231	69.16	103	30.84
25027	228	178	78.07	50	21.93
25028	319	218	68.34	101	31.66
25029	273	192	70.33	81	29.67
25030	321	213	66.36	108	33.64
25031	356	314	88.20	42	11.80
25032	249	182	73.09	67	26.91
26001	198	123	62.12	75	37.88
26002	189	106	56.08	83	43.92
26003	209	129	61.72	80	38.28
26004	137	103	75.18	34	24.82
26005	193	111	57.51	82	42.49
26006	160	115	71.88	45	28.13
26007	196	120	61.22	76	38.78
26008	83	60	72.29	23	27.71
26009	147	102	69.39	45	30.61
26010	175	106	60.57	69	39.43
26011	185	120	64.86	65	35.14
26012	191	122	63.87	69	36.13
26013	88	69	78.41	19	21.59
26014	128	76	59.38	52	40.63
26015	90	68	75.56	22	24.44
26016	82	62	75.61	20	24.39
26017	175	137	78.29	38	21.71
26018	96	66	68.75	30	31.25
26019	93	72	77.42	21	22.58
26020	167	117	70.06	50	29.94
26021	209	129	61.72	80	38.28
26022	69	51	73.91	18	26.09
26023	106	79	74.53	27	25.47
26024	148	104	70.27	44	29.73
26025	166	105	63.25	61	36.75
26026	119	63	52.94	56	47.06
26027	223	128	57.40	95	42.60
26028	287	227	79.09	60	20.91
26029	117	69	58.97	48	41.03
26030	158	112	70.89	46	29.11
26031	83	51	61.45	32	38.55
26032	242	200	82.64	42	17.36
26033	205	138	67.32	67	32.68
26034	237	128	54.01	109	45.99
26035	186	107	57.53	79	42.47
26036	181	127	70.17	54	29.83
26037	179	109	60.89	70	39.11
26038	89	65	73.03	24	26.97
26039	206	130	63.11	76	36.89
26040	112	73	65.18	39	34.82
26041	170	103	60.59	67	39.41
26042	137	83	60.58	54	39.42
26043	107	71	66.36	36	33.64
26044	96	70	72.92	26	27.08
26045	76	58	76.32	18	23.68
26046	126	84	66.67	42	33.33
26047	95	68	71.58	27	28.42
26048	144	92	63.89	52	36.11
26049	95	59	62.11	36	37.89
27001	353	292	82.72	61	17.28
27002	258	203	78.68	55	21.32
27003	135	86	63.70	49	36.30
27004	130	87	66.92	43	33.08
27005	188	120	63.83	68	36.17
27006	227	169	74.45	58	25.55
27007	307	219	71.34	88	28.66
27008	171	111	64.91	60	35.09
27009	121	88	72.73	33	27.27
27010	313	187	59.74	126	40.26
27011	257	204	79.38	53	20.62
27012	149	127	85.23	22	14.77
27013	350	215	61.43	135	38.57
27014	93	64	68.82	29	31.18
27015	127	82	64.57	45	35.43
27016	211	178	84.36	33	15.64
27017	216	136	62.96	80	37.04
27018	179	109	60.89	70	39.11
27019	113	74	65.49	39	34.51
27020	154	107	69.48	47	30.52
27021	238	211	88.66	27	11.34
27022	118	89	75.42	29	24.58
27023	198	136	68.69	62	31.31
27024	146	98	67.12	48	32.88
27025	212	145	68.40	67	31.60
27026	203	134	66.01	69	33.99
27027	250	178	71.20	72	28.80
27028	182	133	73.08	49	26.92
27029	139	117	84.17	22	15.83
27030	129	80	62.02	49	37.98
27031	189	127	67.20	62	32.80
27032	203	131	64.53	72	35.47
27033	237	196	82.70	41	17.30
27034	182	124	68.13	58	31.87
27035	254	208	81.89	46	18.11
27036	181	113	62.43	68	37.57
27037	303	211	69.64	92	30.36
27038	369	252	68.29	117	31.71
27039	203	125	61.58	78	38.42
27040	309	217	70.23	92	29.77
27041	246	150	60.98	96	39.02
27042	169	120	71.01	49	28.99
27043	153	104	67.97	49	32.03
27044	155	112	72.26	43	27.74
27045	347	288	83.00	59	17.00
27046	174	147	84.48	27	15.52
27047	204	132	64.71	72	35.29
27048	347	219	63.11	128	36.89
27049	149	92	61.74	57	38.26
27050	234	167	71.37	67	28.63
28001	124	81	65.32	43	34.68
28002	194	138	71.13	56	28.87
28003	141	96	68.09	45	31.91
28004	159	116	72.96	43	27.04
28005	135	101	74.81	34	25.19
28006	143	108	75.52	35	24.48
28007	170	118	69.41	52	30.59
28008	189	164	86.77	25	13.23
28009	188	138	73.40	50	26.60
28010	247	183	74.09	64	25.91
28011	354	249	70.34	105	29.66
28012	166	113	68.07	53	31.93
28013	255	175	68.63	80	31.37
28014	175	122	69.71	53	30.29
28015	51	35	68.63	16	31.37
28016	118	82	69.49	36	30.51
28017	141	94	66.67	47	33.33
28018	176	127	72.16	49	27.84
28019	162	129	79.63	33	20.37
28020	183	130	71.04	53	28.96
28021	158	118	74.68	40	25.32
28022	161	111	68.94	50	31.06
28023	205	127	61.95	78	38.05
28024	172	122	70.93	50	29.07
28025	278	184	66.19	94	33.81
28026	190	130	68.42	60	31.58
28027	223	157	70.40	66	29.60
28028	257	187	72.76	70	27.24
28029	71	52	73.24	19	26.76
28030	30	19	63.33	11	36.67
28031	324	239	73.77	85	26.23
28032	176	138	78.41	38	21.59
28033	198	128	64.65	70	35.35
28034	296	204	68.92	92	31.08
28035	194	140	72.16	54	27.84
28036	110	78	70.91	32	29.09
28037	225	157	69.78	68	30.22
28038	78	56	71.79	22	28.21
28039	127	94	74.02	33	25.98
28040	222	154	69.37	68	30.63
28041	134	101	75.37	33	24.63
28042	174	135	77.59	39	22.41
28043	227	174	76.65	53	23.35
28044	136	102	75.00	34	25.00
28045	172	139	80.81	33	19.19
28046	352	259	73.58	93	26.42
29001	340	256	75.29	84	24.71
29002	322	216	67.08	106	32.92
29003	229	158	69.00	71	31.00
29004	285	211	74.04	74	25.96
29005	178	137	76.97	41	23.03
29006	193	143	74.09	50	25.91
29007	270	179	66.30	91	33.70
29008	165	131	79.39	34	20.61
29009	328	254	77.44	74	22.56
29010	364	277	76.10	87	23.90
29011	156	108	69.23	48	30.77
29012	311	234	75.24	77	24.76
29013	286	207	72.38	79	27.62
29014	238	165	69.33	73	30.67
29015	289	211	73.01	78	26.99
29016	231	182	78.79	49	21.21
29017	235	181	77.02	54	22.98
29018	232	162	69.83	70	30.17
29019	261	199	76.25	62	23.75
29020	268	175	65.30	93	34.70
29021	261	189	72.41	72	27.59
29022	187	135	72.19	52	27.81
29023	272	211	77.57	61	22.43
29024	224	174	77.68	50	22.32
29025	311	237	76.21	74	23.79
29026	283	189	66.78	94	33.22
29027	236	169	71.61	67	28.39
29028	284	206	72.54	78	27.46
29029	252	203	80.56	49	19.44
29030	375	267	71.20	108	28.80
29031	204	161	78.92	43	21.08
29032	195	173	88.72	22	11.28
29033	204	141	69.12	63	30.88
29034	178	123	69.10	55	30.90
29035	183	132	72.13	51	27.87
29036	224	166	74.11	58	25.89
29037	242	174	71.90	68	28.10
29038	210	159	75.71	51	24.29
29039	236	181	76.69	55	23.31
29040	296	196	66.22	100	33.78
29041	191	143	74.87	48	25.13
29042	256	186	72.66	70	27.34
29043	333	254	76.28	79	23.72
29044	312	214	68.59	98	31.41
30001	263	200	76.05	63	23.95
30002	296	228	77.03	68	22.97
30003	235	166	70.64	69	29.36
30004	258	194	75.19	64	24.81
30005	171	143	83.63	28	16.37
30006	245	181	73.88	64	26.12
30007	301	223	74.09	78	25.91
30008	337	229	67.95	108	32.05
30009	232	173	74.57	59	25.43
30010	303	244	80.53	59	19.47
30011	216	166	76.85	50	23.15
30012	232	175	75.43	57	24.57
30013	253	182	71.94	71	28.06
30014	168	120	71.43	48	28.57
30015	323	240	74.30	83	25.70
30016	151	117	77.48	34	22.52
30017	272	198	72.79	74	27.21
30018	285	187	65.61	98	34.39
30019	229	177	77.29	52	22.71
30020	294	231	78.57	63	21.43
30021	232	167	71.98	65	28.02
30022	311	210	67.52	101	32.48
30023	238	172	72.27	66	27.73
30024	334	221	66.17	113	33.83
30025	323	201	62.23	122	37.77
30026	194	155	79.90	39	20.10
30027	198	142	71.72	56	28.28
30028	281	201	71.53	80	28.47
30029	137	116	84.67	21	15.33
30030	109	91	83.49	18	16.51
30031	218	171	78.44	47	21.56
30032	220	169	76.82	51	23.18
31001	137	112	81.75	25	18.25
31002	134	94	70.15	40	29.85
31003	175	139	79.43	36	20.57
31004	255	164	64.31	91	35.69
31005	209	159	76.08	50	23.92
31006	130	87	66.92	43	33.08
31007	243	147	60.49	96	39.51
31008	131	92	70.23	39	29.77
31009	119	86	72.27	33	27.73
31010	140	110	78.57	30	21.43
31011	128	98	76.56	30	23.44
31012	169	141	83.43	28	16.57
31013	170	125	73.53	45	26.47
31014	154	110	71.43	44	28.57
31015	163	132	80.98	31	19.02
31016	221	137	61.99	84	38.01
31017	175	136	77.71	39	22.29
31018	147	126	85.71	21	14.29
31019	168	124	73.81	44	26.19
31020	129	105	81.40	24	18.60
31021	164	123	75.00	41	25.00
31022	123	80	65.04	43	34.96
31023	167	126	75.45	41	24.55
31024	202	143	70.79	59	29.21
31025	126	101	80.16	25	19.84
31026	196	146	74.49	50	25.51
31027	209	141	67.46	68	32.54
31028	120	95	79.17	25	20.83
31029	188	144	76.60	44	23.40
31030	124	84	67.74	40	32.26
31031	146	101	69.18	45	30.82
31032	111	94	84.68	17	15.32
31033	140	111	79.29	29	20.71
31034	151	113	74.83	38	25.17
31035	184	141	76.63	43	23.37
31036	223	175	78.48	48	21.52
31037	152	98	64.47	54	35.53
31038	125	94	75.20	31	24.80
31039	170	105	61.76	65	38.24
31040	181	122	67.40	59	32.60
31041	141	105	74.47	36	25.53
32001	313	238	76.04	75	23.96
32002	262	221	84.35	41	15.65
32003	341	238	69.79	103	30.21
32004	287	235	81.88	52	18.12
32005	292	237	81.16	55	18.84
32006	296	253	85.47	43	14.53
32007	272	229	84.19	43	15.81
32008	301	262	87.04	39	12.96
32009	265	223	84.15	42	15.85
32010	291	235	80.76	56	19.24
32011	302	190	62.91	112	37.09
32012	254	141	55.51	113	44.49
32013	280	231	82.50	49	17.50
32014	313	202	64.54	111	35.46
32015	276	216	78.26	60	21.74
32016	321	244	76.01	77	23.99
32017	324	219	67.59	105	32.41
32018	274	252	91.97	22	8.03
32019	268	221	82.46	47	17.54
32020	287	189	65.85	98	34.15
32021	374	305	81.55	69	18.45
32022	389	265	68.12	124	31.88
32023	307	251	81.76	56	18.24
32024	208	177	85.10	31	14.90
32025	291	243	83.51	48	16.49
32026	344	233	67.73	111	32.27
32027	278	227	81.65	51	18.35
32028	286	180	62.94	106	37.06
32029	325	264	81.23	61	18.77
32030	293	257	87.71	36	12.29
32031	299	260	86.96	39	13.04
32032	325	279	85.85	46	14.15
32033	298	256	85.91	42	14.09
32034	297	239	80.47	58	19.53
32035	254	206	81.10	48	18.90
32036	308	268	87.01	40	12.99
32037	239	196	82.01	43	17.99
32038	251	198	78.88	53	21.12
32039	339	299	88.20	40	11.80
32040	339	272	80.24	67	19.76
32041	332	275	82.83	57	17.17
32042	240	202	84.17	38	15.83
32043	272	199	73.16	73	26.84
33001	352	228	64.77	124	35.23
33002	500	305	61.00	195	39.00
33003	490	360	73.47	130	26.53
33004	486	332	68.31	154	31.69
33005	316	252	79.75	64	20.25
33006	322	244	75.78	78	24.22
33007	386	263	68.13	123	31.87
33008	610	474	77.70	136	22.30
33009	448	362	80.80	86	19.20
33010	430	328	76.28	102	23.72
33011	446	326	73.09	120	26.91
33012	371	275	74.12	96	25.88
33013	352	232	65.91	120	34.09
33014	156	105	67.31	51	32.69
33015	347	250	72.05	97	27.95
33016	483	350	72.46	133	27.54
33017	413	306	74.09	107	25.91
33018	429	275	64.10	154	35.90
33019	404	299	74.01	105	25.99
33020	436	290	66.51	146	33.49
33021	390	260	66.67	130	33.33
33022	385	279	72.47	106	27.53
33023	428	316	73.83	112	26.17
33024	616	446	72.40	170	27.60
33025	469	363	77.40	106	22.60
33026	269	150	55.76	119	44.24
33027	394	275	69.80	119	30.20
33028	329	182	55.32	147	44.68
34001	270	188	69.63	82	30.37
34002	236	147	62.29	89	37.71
34003	230	162	70.43	68	29.57
34004	157	111	70.70	46	29.30
34005	226	165	73.01	61	26.99
34006	286	190	66.43	96	33.57
34007	315	218	69.21	97	30.79
34008	195	129	66.15	66	33.85
34009	169	119	70.41	50	29.59
34010	235	168	71.49	67	28.51
34011	176	117	66.48	59	33.52
34012	276	185	67.03	91	32.97
34013	242	169	69.83	73	30.17
34014	184	138	75.00	46	25.00
34015	181	128	70.72	53	29.28
34016	207	154	74.40	53	25.60
34017	311	224	72.03	87	27.97
34018	180	133	73.89	47	26.11
34019	264	174	65.91	90	34.09
34020	318	208	65.41	110	34.59
34021	325	220	67.69	105	32.31
34022	291	193	66.32	98	33.68
34023	184	122	66.30	62	33.70
34024	199	133	66.83	66	33.17
34025	357	227	63.59	130	36.41
34026	239	170	71.13	69	28.87
34027	211	142	67.30	69	32.70
34028	140	102	72.86	38	27.14
34029	191	139	72.77	52	27.23
34030	262	176	67.18	86	32.82
34031	202	124	61.39	78	38.61
34032	217	158	72.81	59	27.19
34033	180	122	67.78	58	32.22
34034	280	179	63.93	101	36.07
34035	270	193	71.48	77	28.52
34036	261	169	64.75	92	35.25
34037	146	105	71.92	41	28.08
34038	100	76	76.00	24	24.00
34039	165	119	72.12	46	27.88
34040	245	186	75.92	59	24.08
34041	146	104	71.23	42	28.77
34042	247	159	64.37	88	35.63
34043	239	159	66.53	80	33.47
34044	267	185	69.29	82	30.71
34045	274	200	72.99	74	27.01
34046	183	126	68.85	57	31.15
34047	226	162	71.68	64	28.32
34048	283	180	63.60	103	36.40
34049	243	166	68.31	77	31.69
34050	187	127	67.91	60	32.09
34051	285	203	71.23	82	28.77
34052	220	144	65.45	76	34.55
34053	151	107	70.86	44	29.14
35001	250	142	56.80	108	43.20
35002	373	275	73.73	98	26.27
35003	193	110	56.99	83	43.01
35004	245	167	68.16	78	31.84
35005	218	143	65.60	75	34.40
35006	198	114	57.58	84	42.42
35007	245	137	55.92	108	44.08
35008	241	138	57.26	103	42.74
35009	243	172	70.78	71	29.22
35010	338	210	62.13	128	37.87
35011	277	165	59.57	112	40.43
35012	120	80	66.67	40	33.33
35013	105	71	67.62	34	32.38
35014	164	119	72.56	45	27.44
35015	277	144	51.99	133	48.01
35016	102	78	76.47	24	23.53
35017	290	177	61.03	113	38.97
35018	136	95	69.85	41	30.15
35019	115	86	74.78	29	25.22
35020	212	151	71.23	61	28.77
35021	237	165	69.62	72	30.38
35022	281	180	64.06	101	35.94
35023	270	204	75.56	66	24.44
35024	239	185	77.41	54	22.59
35025	256	154	60.16	102	39.84
35026	230	169	73.48	61	26.52
35027	190	124	65.26	66	34.74
35028	268	203	75.75	65	24.25
35029	184	120	65.22	64	34.78
35030	192	146	76.04	46	23.96
35031	275	208	75.64	67	24.36
36001	197	166	84.26	31	15.74
36002	175	141	80.57	34	19.43
36003	177	135	76.27	42	23.73
36004	163	128	78.53	35	21.47
36005	143	109	76.22	34	23.78
36006	146	110	75.34	36	24.66
36007	302	261	86.42	41	13.58
36008	129	103	79.84	26	20.16
36009	117	94	80.34	23	19.66
36010	242	195	80.58	47	19.42
36011	119	95	79.83	24	20.17
36012	90	67	74.44	23	25.56
36013	117	87	74.36	30	25.64
36014	250	206	82.40	44	17.60
36015	218	185	84.86	33	15.14
36016	230	197	85.65	33	14.35
36017	275	235	85.45	40	14.55
36018	249	195	78.31	54	21.69
36019	209	177	84.69	32	15.31
36020	232	201	86.64	31	13.36
36021	141	111	78.72	30	21.28
36022	131	103	78.63	28	21.37
36023	138	113	81.88	25	18.12
36024	194	162	83.51	32	16.49
36025	139	110	79.14	29	20.86
36026	205	178	86.83	27	13.17
36027	196	160	81.63	36	18.37
36028	187	157	83.96	30	16.04
36029	257	218	84.82	39	15.18
36030	192	158	82.29	34	17.71
37001	190	111	58.42	79	41.58
37002	128	101	78.91	27	21.09
37003	133	101	75.94	32	24.06
37004	133	92	69.17	41	30.83
37005	246	187	76.02	59	23.98
37006	218	168	77.06	50	22.94
37007	149	121	81.21	28	18.79
37008	120	87	72.50	33	27.50
37009	210	156	74.29	54	25.71
37010	226	147	65.04	79	34.96
37011	133	94	70.68	39	29.32
37012	125	85	68.00	40	32.00
37013	136	88	64.71	48	35.29
37014	205	143	69.76	62	30.24
37015	239	167	69.87	72	30.13
37016	211	137	64.93	74	35.07
37017	170	136	80.00	34	20.00
37018	199	154	77.39	45	22.61
37019	127	97	76.38	30	23.62
37020	139	104	74.82	35	25.18
37021	172	129	75.00	43	25.00
37022	167	112	67.07	55	32.93
37023	207	159	76.81	48	23.19
37024	225	171	76.00	54	24.00
37025	189	146	77.25	43	22.75
37026	273	194	71.06	79	28.94
37027	213	136	63.85	77	36.15
37028	144	95	65.97	49	34.03
37029	208	156	75.00	52	25.00
37030	188	155	82.45	33	17.55
37031	205	132	64.39	73	35.61
37032	189	140	74.07	49	25.93
37033	234	165	70.51	69	29.49
37034	201	141	70.15	60	29.85
37035	244	183	75.00	61	25.00
37036	181	132	72.93	49	27.07
37037	249	181	72.69	68	27.31
37038	247	194	78.54	53	21.46
37039	190	138	72.63	52	27.37
37040	257	190	73.93	67	26.07
37041	199	161	80.90	38	19.10
38001	222	179	80.63	43	19.37
38002	337	301	89.32	36	10.68
38003	221	188	85.07	33	14.93
38004	242	203	83.88	39	16.12
38005	220	181	82.27	39	17.73
38006	213	182	85.45	31	14.55
38007	237	215	90.72	22	9.28
38008	220	168	76.36	52	23.64
38009	294	260	88.44	34	11.56
38010	196	173	88.27	23	11.73
38011	197	157	79.70	40	20.30
38012	240	218	90.83	22	9.17
38013	262	224	85.50	38	14.50
38014	266	221	83.08	45	16.92
38015	204	165	80.88	39	19.12
38016	280	240	85.71	40	14.29
38017	319	289	90.60	30	9.40
38018	272	245	90.07	27	9.93
38019	296	234	79.05	62	20.95
38020	257	233	90.66	24	9.34
38021	204	153	75.00	51	25.00
38022	260	224	86.15	36	13.85
38023	270	215	79.63	55	20.37
38024	261	228	87.36	33	12.64
38025	198	167	84.34	31	15.66
38026	247	203	82.19	44	17.81
38027	230	194	84.35	36	15.65
38028	313	280	89.46	33	10.54
38029	208	181	87.02	27	12.98
38030	240	199	82.92	41	17.08
38031	267	208	77.90	59	22.10
38032	209	173	82.78	36	17.22
38033	216	162	75.00	54	25.00
38034	268	204	76.12	64	23.88
38035	249	197	79.12	52	20.88
38036	218	175	80.28	43	19.72
38037	242	206	85.12	36	14.88
38038	235	206	87.66	29	12.34
38039	287	224	78.05	63	21.95
38040	248	206	83.06	42	16.94
38041	267	217	81.27	50	18.73
39001	338	285	84.32	53	15.68
39002	371	259	69.81	112	30.19
39003	335	272	81.19	63	18.81
39004	342	298	87.13	44	12.87
39005	300	236	78.67	64	21.33
39006	265	208	78.49	57	21.51
39007	289	222	76.82	67	23.18
39008	337	256	75.96	81	24.04
39009	286	211	73.78	75	26.22
39010	170	115	67.65	55	32.35
39011	290	239	82.41	51	17.59
39012	330	233	70.61	97	29.39
39013	222	163	73.42	59	26.58
39014	308	251	81.49	57	18.51
39015	355	312	87.89	43	12.11
39016	173	126	72.83	47	27.17
39017	361	291	80.61	70	19.39
39018	303	219	72.28	84	27.72
39019	331	258	77.95	73	22.05
39020	414	353	85.27	61	14.73
39021	290	251	86.55	39	13.45
39022	200	133	66.50	67	33.50
39023	361	326	90.30	35	9.70
39024	461	403	87.42	58	12.58
39025	180	123	68.33	57	31.67
39026	323	270	83.59	53	16.41
39027	63	52	82.54	11	17.46
39028	425	326	76.71	99	23.29
39029	126	84	66.67	42	33.33
39030	341	237	69.50	104	30.50
39031	254	182	71.65	72	28.35
39032	251	185	73.71	66	26.29
39033	354	241	68.08	113	31.92
39034	276	198	71.74	78	28.26
39035	306	222	72.55	84	27.45
39036	85	63	74.12	22	25.88
39037	350	279	79.71	71	20.29
39038	212	170	80.19	42	19.81
39039	227	186	81.94	41	18.06
39040	324	273	84.26	51	15.74
39041	389	325	83.55	64	16.45
39042	398	337	84.67	61	15.33
39043	352	302	85.80	50	14.20
39044	306	250	81.70	56	18.30
39045	347	298	85.88	49	14.12
40001	296	215	72.64	81	27.36
40002	318	243	76.42	75	23.58
40003	432	310	71.76	122	28.24
40004	222	158	71.17	64	28.83
40005	396	281	70.96	115	29.04
40006	432	289	66.90	143	33.10
40007	381	292	76.64	89	23.36
40008	460	319	69.35	141	30.65
40009	264	187	70.83	77	29.17
40010	281	215	76.51	66	23.49
40011	404	313	77.48	91	22.52
40012	297	235	79.12	62	20.88
40013	521	330	63.34	191	36.66
40014	234	178	76.07	56	23.93
40015	306	219	71.57	87	28.43
40016	508	360	70.87	148	29.13
40017	339	242	71.39	97	28.61
40018	209	144	68.90	65	31.10
40019	395	273	69.11	122	30.89
40020	303	215	70.96	88	29.04
40021	447	348	77.85	99	22.15
40022	383	308	80.42	75	19.58
40023	481	347	72.14	134	27.86
40024	259	157	60.62	102	39.38
40025	455	326	71.65	129	28.35
40026	383	282	73.63	101	26.37
40027	434	287	66.13	147	33.87
40028	384	244	63.54	140	36.46
40029	380	287	75.53	93	24.47
40030	408	288	70.59	120	29.41
40031	417	300	71.94	117	28.06
40032	439	315	71.75	124	28.25
40033	412	286	69.42	126	30.58
40034	279	203	72.76	76	27.24
40035	200	127	63.50	73	36.50
40036	357	274	76.75	83	23.25
40037	293	209	71.33	84	28.67
40038	421	285	67.70	136	32.30
40039	82	63	76.83	19	23.17
41001	274	251	91.61	23	8.39
41002	312	282	90.38	30	9.62
41003	319	274	85.89	45	14.11
41004	349	321	91.98	28	8.02
41005	323	285	88.24	38	11.76
41006	385	340	88.31	45	11.69
41007	351	311	88.60	40	11.40
41008	337	302	89.61	35	10.39
41009	300	254	84.67	46	15.33
41010	397	355	89.42	42	10.58
41011	340	301	88.53	39	11.47
41012	303	257	84.82	46	15.18
41013	381	323	84.78	58	15.22
41014	382	339	88.74	43	11.26
41015	419	376	89.74	43	10.26
41016	306	284	92.81	22	7.19
41017	329	271	82.37	58	17.63
41018	301	266	88.37	35	11.63
41019	363	322	88.71	41	11.29
41020	242	194	80.17	48	19.83
41021	360	302	83.89	58	16.11
41022	371	343	92.45	28	7.55
41023	299	252	84.28	47	15.72
41024	271	239	88.19	32	11.81
41025	122	103	84.43	19	15.57
41026	283	255	90.11	28	9.89
41027	181	147	81.22	34	18.78
41028	193	140	72.54	53	27.46
41029	132	101	76.52	31	23.48
41030	308	261	84.74	47	15.26
41031	427	328	76.81	99	23.19
41032	254	221	87.01	33	12.99
41033	296	259	87.50	37	12.50
41034	305	270	88.52	35	11.48
41035	415	393	94.70	22	5.30
41036	328	286	87.20	42	12.80
41037	356	310	87.08	46	12.92
41038	275	248	90.18	27	9.82
41039	351	305	86.89	46	13.11
41040	347	317	91.35	30	8.65
41041	349	316	90.54	33	9.46
41042	322	278	86.34	44	13.66
41043	336	297	88.39	39	11.61
41044	347	312	89.91	35	10.09
41045	271	237	87.45	34	12.55
41046	333	296	88.89	37	11.11
41047	337	302	89.61	35	10.39
42001	336	282	83.93	54	16.07
42002	251	218	86.85	33	13.15
42003	266	222	83.46	44	16.54
42004	457	388	84.90	69	15.10
42005	236	217	91.95	19	8.05
42006	426	344	80.75	82	19.25
42007	366	315	86.07	51	13.93
42008	323	257	79.57	66	20.43
42009	298	245	82.21	53	17.79
42010	332	278	83.73	54	16.27
42011	276	222	80.43	54	19.57
42012	308	264	85.71	44	14.29
42013	387	317	81.91	70	18.09
42014	280	240	85.71	40	14.29
42015	263	238	90.49	25	9.51
42016	300	250	83.33	50	16.67
42017	345	299	86.67	46	13.33
42018	212	182	85.85	30	14.15
42019	436	361	82.80	75	17.20
42020	253	228	90.12	25	9.88
42021	249	218	87.55	31	12.45
42022	146	136	93.15	10	6.85
42023	326	279	85.58	47	14.42
42024	348	303	87.07	45	12.93
42025	298	244	81.88	54	18.12
42026	365	296	81.10	69	18.90
42027	258	214	82.95	44	17.05
42028	403	337	83.62	66	16.38
42029	296	242	81.76	54	18.24
42030	367	316	86.10	51	13.90
42031	327	267	81.65	60	18.35
42032	269	239	88.85	30	11.15
42033	334	250	74.85	84	25.15
42034	319	272	85.27	47	14.73
42035	344	289	84.01	55	15.99
42036	356	307	86.24	49	13.76
42037	206	181	87.86	25	12.14
42038	276	240	86.96	36	13.04
42039	285	246	86.32	39	13.68
42040	340	270	79.41	70	20.59
42041	269	223	82.90	46	17.10
42042	415	350	84.34	65	15.66
43001	220	184	83.64	36	16.36
43002	355	295	83.10	60	16.90
43003	349	308	88.25	41	11.75
43004	302	256	84.77	46	15.23
43005	322	288	89.44	34	10.56
43006	205	176	85.85	29	14.15
43007	249	204	81.93	45	18.07
43008	251	204	81.27	47	18.73
43009	379	322	84.96	57	15.04
43010	447	389	87.02	58	12.98
43011	267	226	84.64	41	15.36
43012	222	181	81.53	41	18.47
43013	315	242	76.83	73	23.17
43014	449	404	89.98	45	10.02
43015	327	276	84.40	51	15.60
43016	303	256	84.49	47	15.51
43017	262	220	83.97	42	16.03
43018	397	330	83.12	67	16.88
43019	373	317	84.99	56	15.01
43020	382	327	85.60	55	14.40
43021	314	267	85.03	47	14.97
43022	206	170	82.52	36	17.48
43023	196	170	86.73	26	13.27
43024	272	217	79.78	55	20.22
43025	311	257	82.64	54	17.36
43026	298	246	82.55	52	17.45
43027	364	303	83.24	61	16.76
43028	402	329	81.84	73	18.16
43029	339	279	82.30	60	17.70
43030	336	286	85.12	50	14.88
43031	348	290	83.33	58	16.67
43032	331	264	79.76	67	20.24
43033	378	313	82.80	65	17.20
43034	269	220	81.78	49	18.22
43035	387	322	83.20	65	16.80
43036	130	103	79.23	27	20.77
43037	273	217	79.49	56	20.51
43038	323	277	85.76	46	14.24
43039	240	194	80.83	46	19.17
43040	203	152	74.88	51	25.12
43041	420	345	82.14	75	17.86
43042	282	230	81.56	52	18.44
43043	350	294	84.00	56	16.00
43044	306	252	82.35	54	17.65
43045	248	214	86.29	34	13.71
43046	163	140	85.89	23	14.11
44001	492	398	80.89	94	19.11
44002	348	293	84.20	55	15.80
44003	302	252	83.44	50	16.56
44004	317	261	82.33	56	17.67
44005	319	244	76.49	75	23.51
44006	398	294	73.87	104	26.13
44007	287	240	83.62	47	16.38
44008	407	320	78.62	87	21.38
44009	299	254	84.95	45	15.05
44010	275	232	84.36	43	15.64
44011	342	284	83.04	58	16.96
44012	356	292	82.02	64	17.98
44013	229	201	87.77	28	12.23
44014	260	205	78.85	55	21.15
44015	312	238	76.28	74	23.72
44016	348	286	82.18	62	17.82
44017	457	361	78.99	96	21.01
44018	259	204	78.76	55	21.24
44019	404	321	79.46	83	20.54
44020	243	198	81.48	45	18.52
44021	332	269	81.02	63	18.98
44022	400	327	81.75	73	18.25
44023	260	191	73.46	69	26.54
44024	300	243	81.00	57	19.00
44025	305	244	80.00	61	20.00
44026	367	296	80.65	71	19.35
44027	362	294	81.22	68	18.78
44028	248	193	77.82	55	22.18
44029	305	240	78.69	65	21.31
44030	370	296	80.00	74	20.00
44031	231	187	80.95	44	19.05
44032	356	271	76.12	85	23.88
44033	297	234	78.79	63	21.21
44034	383	320	83.55	63	16.45
44035	469	388	82.73	81	17.27
44036	312	251	80.45	61	19.55
44037	360	300	83.33	60	16.67
44038	262	224	85.50	38	14.50
44039	302	244	80.79	58	19.21
44040	304	244	80.26	60	19.74
44041	371	270	72.78	101	27.22
45001	230	168	73.04	62	26.96
45002	256	166	64.84	90	35.16
45003	261	205	78.54	56	21.46
45004	354	275	77.68	79	22.32
45005	321	267	83.18	54	16.82
45006	437	342	78.26	95	21.74
45007	396	322	81.31	74	18.69
45008	257	197	76.65	60	23.35
45009	255	204	80.00	51	20.00
45010	248	196	79.03	52	20.97
45011	174	145	83.33	29	16.67
45012	244	191	78.28	53	21.72
45013	249	206	82.73	43	17.27
45014	313	245	78.27	68	21.73
45015	353	254	71.95	99	28.05
45016	263	201	76.43	62	23.57
45017	296	230	77.70	66	22.30
45018	264	203	76.89	61	23.11
45019	117	90	76.92	27	23.08
45020	174	137	78.74	37	21.26
45021	263	218	82.89	45	17.11
45022	221	186	84.16	35	15.84
45023	247	209	84.62	38	15.38
45024	234	205	87.61	29	12.39
45025	179	150	83.80	29	16.20
45026	151	118	78.15	33	21.85
45027	257	219	85.21	38	14.79
45028	219	190	86.76	29	13.24
45029	175	142	81.14	33	18.86
45030	249	194	77.91	55	22.09
45031	208	164	78.85	44	21.15
45032	220	169	76.82	51	23.18
45033	198	161	81.31	37	18.69
45034	276	231	83.70	45	16.30
45035	349	286	81.95	63	18.05
45036	315	274	86.98	41	13.02
45037	262	207	79.01	55	20.99
45038	245	211	86.12	34	13.88
45039	260	212	81.54	48	18.46
45040	270	234	86.67	36	13.33
45041	269	236	87.73	33	12.27
45042	293	264	90.10	29	9.90
45043	306	272	88.89	34	11.11
45044	334	285	85.33	49	14.67
45045	201	187	93.03	14	6.97
45046	199	167	83.92	32	16.08
45047	209	196	93.78	13	6.22
45048	249	210	84.34	39	15.66
46001	330	221	66.97	109	33.03
46002	326	235	72.09	91	27.91
46003	454	356	78.41	98	21.59
46004	378	266	70.37	112	29.63
46005	347	263	75.79	84	24.21
46006	305	210	68.85	95	31.15
46007	444	341	76.80	103	23.20
46008	257	149	57.98	108	42.02
46009	391	286	73.15	105	26.85
46010	434	350	80.65	84	19.35
46011	306	211	68.95	95	31.05
46012	408	283	69.36	125	30.64
46013	318	264	83.02	54	16.98
46014	299	172	57.53	127	42.47
46015	328	252	76.83	76	23.17
46016	432	313	72.45	119	27.55
46017	421	326	77.43	95	22.57
46018	416	322	77.40	94	22.60
46019	303	237	78.22	66	21.78
46020	309	230	74.43	79	25.57
46021	232	154	66.38	78	33.62
46022	300	185	61.67	115	38.33
46023	290	202	69.66	88	30.34
46024	418	332	79.43	86	20.57
46025	389	276	70.95	113	29.05
46026	357	243	68.07	114	31.93
46027	449	327	72.83	122	27.17
46028	414	308	74.40	106	25.60
46029	319	237	74.29	82	25.71
46030	349	267	76.50	82	23.50
46031	323	233	72.14	90	27.86
46032	413	277	67.07	136	32.93
46033	408	333	81.62	75	18.38
46034	381	280	73.49	101	26.51
46035	380	264	69.47	116	30.53
46036	364	292	80.22	72	19.78
46037	282	178	63.12	104	36.88
46038	282	197	69.86	85	30.14
46039	340	265	77.94	75	22.06
46040	339	263	77.58	76	22.42
47001	214	172	80.37	42	19.63
47002	463	355	76.67	108	23.33
47003	470	385	81.91	85	18.09
47004	438	360	82.19	78	17.81
47005	393	267	67.94	126	32.06
47006	405	312	77.04	93	22.96
47007	320	252	78.75	68	21.25
47008	430	363	84.42	67	15.58
47009	323	261	80.80	62	19.20
47010	452	343	75.88	109	24.12
47011	336	283	84.23	53	15.77
47012	474	375	79.11	99	20.89
47013	374	248	66.31	126	33.69
47014	401	328	81.80	73	18.20
47015	432	259	59.95	173	40.05
47016	429	307	71.56	122	28.44
47017	395	314	79.49	81	20.51
47018	366	290	79.23	76	20.77
47019	479	324	67.64	155	32.36
47020	378	274	72.49	104	27.51
47021	381	258	67.72	123	32.28
47022	457	341	74.62	116	25.38
47023	456	284	62.28	172	37.72
47024	387	301	77.78	86	22.22
47025	430	317	73.72	113	26.28
47026	447	332	74.27	115	25.73
47027	338	251	74.26	87	25.74
47028	402	305	75.87	97	24.13
47029	409	325	79.46	84	20.54
47030	483	348	72.05	135	27.95
47031	364	259	71.15	105	28.85
47032	478	337	70.50	141	29.50
47033	354	282	79.66	72	20.34
47034	427	318	74.47	109	25.53
47035	437	352	80.55	85	19.45
47036	438	295	67.35	143	32.65
47037	418	302	72.25	116	27.75
47038	400	291	72.75	109	27.25
47039	416	319	76.68	97	23.32
47040	443	310	69.98	133	30.02
47041	420	313	74.52	107	25.48
47042	402	256	63.68	146	36.32
47043	378	300	79.37	78	20.63
47044	317	240	75.71	77	24.29
47045	387	291	75.19	96	24.81
47046	394	313	79.44	81	20.56
47047	449	363	80.85	86	19.15
47048	42	27	64.29	15	35.71
48001	343	252	73.47	91	26.53
48002	206	152	73.79	54	26.21
48003	341	242	70.97	99	29.03
48004	339	236	69.62	103	30.38
48005	264	180	68.18	84	31.82
48006	367	258	70.30	109	29.70
48007	337	262	77.74	75	22.26
48008	207	155	74.88	52	25.12
48009	227	171	75.33	56	24.67
48010	544	373	68.57	171	31.43
48011	344	249	72.38	95	27.62
48012	433	316	72.98	117	27.02
48013	462	344	74.46	118	25.54
48014	213	159	74.65	54	25.35
48015	187	142	75.94	45	24.06
48016	320	201	62.81	119	37.19
48017	327	239	73.09	88	26.91
48018	268	187	69.78	81	30.22
48019	271	196	72.32	75	27.68
48020	413	293	70.94	120	29.06
48021	422	285	67.54	137	32.46
48022	360	266	73.89	94	26.11
48023	408	289	70.83	119	29.17
48024	346	229	66.18	117	33.82
48025	377	265	70.29	112	29.71
48026	129	96	74.42	33	25.58
48027	298	196	65.77	102	34.23
48028	342	229	66.96	113	33.04
48029	264	177	67.05	87	32.95
48030	343	232	67.64	111	32.36
48031	352	236	67.05	116	32.95
48032	322	216	67.08	106	32.92
48033	246	186	75.61	60	24.39
48034	315	219	69.52	96	30.48
48035	239	163	68.20	76	31.80
48036	245	180	73.47	65	26.53
48037	349	247	70.77	102	29.23
48038	432	325	75.23	107	24.77
48039	305	226	74.10	79	25.90
48040	318	236	74.21	82	25.79
48041	348	211	60.63	137	39.37
48042	431	287	66.59	144	33.41
48043	334	222	66.47	112	33.53
48044	451	302	66.96	149	33.04
48045	256	168	65.63	88	34.38
48046	228	157	68.86	71	31.14
49001	189	130	68.78	59	31.22
49002	196	132	67.35	64	32.65
49003	365	247	67.67	118	32.33
49004	395	221	55.95	174	44.05
49005	397	246	61.96	151	38.04
49006	272	181	66.54	91	33.46
49007	284	179	63.03	105	36.97
49008	251	175	69.72	76	30.28
49009	302	191	63.25	111	36.75
49010	312	204	65.38	108	34.62
49011	353	226	64.02	127	35.98
49012	420	257	61.19	163	38.81
49013	358	245	68.44	113	31.56
49014	287	179	62.37	108	37.63
49015	218	153	70.18	65	29.82
49016	309	184	59.55	125	40.45
49017	201	127	63.18	74	36.82
49018	420	246	58.57	174	41.43
49019	248	162	65.32	86	34.68
49020	465	275	59.14	190	40.86
49021	169	109	64.50	60	35.50
49022	338	213	63.02	125	36.98
49023	393	235	59.80	158	40.20
49024	218	141	64.68	77	35.32
49025	414	271	65.46	143	34.54
49026	353	233	66.01	120	33.99
49027	318	201	63.21	117	36.79
49028	425	246	57.88	179	42.12
49029	368	206	55.98	162	44.02
49030	342	206	60.23	136	39.77
49031	258	196	75.97	62	24.03
49032	300	197	65.67	103	34.33
49033	260	170	65.38	90	34.62
50001	244	171	70.08	73	29.92
50002	140	109	77.86	31	22.14
50003	233	168	72.10	65	27.90
50004	237	176	74.26	61	25.74
50005	160	122	76.25	38	23.75
50006	278	195	70.14	83	29.86
50007	335	272	81.19	63	18.81
50008	218	149	68.35	69	31.65
50009	203	147	72.41	56	27.59
50010	170	118	69.41	52	30.59
50011	161	137	85.09	24	14.91
50012	96	68	70.83	28	29.17
50013	224	155	69.20	69	30.80
50014	97	69	71.13	28	28.87
50015	335	246	73.43	89	26.57
50016	90	78	86.67	12	13.33
50017	164	112	68.29	52	31.71
50018	64	44	68.75	20	31.25
50019	107	68	63.55	39	36.45
50020	227	137	60.35	90	39.65
50021	199	141	70.85	58	29.15
50022	169	111	65.68	58	34.32
50023	143	104	72.73	39	27.27
50024	184	140	76.09	44	23.91
50025	219	173	79.00	46	21.00
50026	174	113	64.94	61	35.06
50027	71	47	66.20	24	33.80
50028	248	165	66.53	83	33.47
50029	133	91	68.42	42	31.58
50030	137	95	69.34	42	30.66
50031	210	135	64.29	75	35.71
50032	218	141	64.68	77	35.32
50033	213	174	81.69	39	18.31
50034	363	262	72.18	101	27.82
50035	311	220	70.74	91	29.26
50036	239	161	67.36	78	32.64
50037	271	209	77.12	62	22.88
50038	133	89	66.92	44	33.08
50039	117	95	81.20	22	18.80
50040	224	170	75.89	54	24.11
